LandisData 	"Climate Data"
ClimateTable
<<EcoIndex TimeStep Month AvgMinT	AvgMaxT		StdDevT		AvgPpt		StdDevPpt	PAR
eco1	0	1	-8.407163718	3.258619678	1.128972301	18.01621642	9.368830777	0
eco1	0	2	-6.797758645	6.056652814	0.264224975	9.172969235	5.95695305	0
eco1	0	3	-7.606558365	4.52105524	1.598088586	16.7482073	8.471211583	0
eco1	0	4	-4.245396375	9.851435284	0.745686337	7.498306882	3.742087086	0
eco1	0	5	-0.531414834	16.34589207	0.50562398	2.983298179	2.293188305	0
eco1	0	6	3.074504481	20.80898126	0.766422326	1.669491781	1.048443354	0
eco1	0	7	6.794475275	26.48501551	0.54300546	0.32741877	0.208471151	0
eco1	0	8	6.013501201	25.45576129	0.847593066	1.0104451	0.421466156	0
eco1	0	9	2.733241336	21.06718497	0.688156304	2.466955626	3.622622533	0
eco1	0	10	-1.375463132	14.59333858	0.480539503	7.013831866	4.47815939	0
eco1	0	11	-5.553148058	7.190109676	0.960940643	15.7442448	14.63616187	0
eco1	0	12	-8.413169764	3.60310354	0.730298492	29.13304824	22.55115938	0
eco2	0	1	-9.143808255	2.746624218	1.197323539	19.4382373	10.01863708	0
eco2	0	2	-7.423754013	5.651631031	0.294102819	10.30137871	6.678507272	0
eco2	0	3	-8.361769079	4.09915101	1.588003061	18.26100822	9.416063753	0
eco2	0	4	-4.910814335	9.40684012	0.795059571	8.750712846	4.072899397	0
eco2	0	5	-1.039269026	15.95086016	0.499579675	3.609416882	2.58714323	0
eco2	0	6	2.713137669	20.35387961	0.786250324	1.980288639	1.310139603	0
eco2	0	7	6.513143565	25.96596639	0.520849883	0.508378731	0.305094487	0
eco2	0	8	5.635549597	24.90517557	0.854350388	1.067887822	0.44818938	0
eco2	0	9	2.261380659	20.60835971	0.679755186	2.828041151	4.024766482	0
eco2	0	10	-1.95954706	14.10319163	0.474163079	7.447966736	4.780445761	0
eco2	0	11	-6.259758145	6.61577999	0.978544822	17.29629619	15.33411937	0
eco2	0	12	-9.16071177	3.060407661	0.792334276	30.60970079	23.80163881	0
eco3	0	1	-9.672759956	2.446540056	1.214217537	20.38546505	10.33595689	0
eco3	0	2	-7.927550187	5.359917011	0.316521112	10.77066632	6.956877157	0
eco3	0	3	-8.814652693	3.835125911	1.593323768	19.15253446	9.949862915	0
eco3	0	4	-5.353150277	9.110354634	0.806230253	9.133808184	4.052443242	0
eco3	0	5	-1.403811031	15.66641319	0.483996466	3.855823881	2.734322785	0
eco3	0	6	2.387708815	20.03554459	0.776534485	2.142871037	1.462170426	0
eco3	0	7	6.138877329	25.61074639	0.505388967	0.58426147	0.356281248	0
eco3	0	8	5.215657938	24.56363689	0.837404152	1.157474672	0.513481002	0
eco3	0	9	1.860848099	20.30914267	0.66815949	2.904112036	4.055243524	0
eco3	0	10	-2.402983431	13.81788597	0.464917875	7.891349846	5.119384457	0
eco3	0	11	-6.701785895	6.306753506	0.992349967	18.12699135	15.81067481	0
eco3	0	12	-9.701311958	2.802337372	0.827554958	31.82918755	24.78409922	0
eco4	0	1	-9.172517761	2.860759801	1.154453265	19.56172071	9.846643852	0
eco4	0	2	-7.545027497	5.738186142	0.287984602	10.28319442	6.511359932	0
eco4	0	3	-8.374931239	4.117588572	1.577243394	18.18012546	9.164478741	0
eco4	0	4	-4.906868821	9.41612639	0.767392634	8.246719096	3.782037133	0
eco4	0	5	-1.087845797	15.91075056	0.489362706	3.405140293	2.402581982	0
eco4	0	6	2.650597242	20.3193746	0.769965313	1.869337778	1.179779021	0
eco4	0	7	6.340961588	25.98799934	0.522266596	0.347578879	0.216712896	0
eco4	0	8	5.421360575	24.96628212	0.84649458	1.038728225	0.422140726	0
eco4	0	9	2.150411356	20.68415133	0.694051064	2.58676111	3.706952204	0
eco4	0	10	-2.018960439	14.21105798	0.481556403	7.521557965	4.785429839	0
eco4	0	11	-6.183751542	6.754969964	0.993998108	17.34868314	15.48127303	0
eco4	0	12	-9.178590881	3.223233271	0.794507612	31.31977658	24.0916745	0
eco5	0	1	-8.89700697	2.996497263	1.179496716	19.13023706	9.782458146	0
eco5	0	2	-7.240166922	5.815690592	0.300151206	10.04001081	6.425295541	0
eco5	0	3	-8.116338215	4.26294389	1.578107732	17.80123057	9.021600423	0
eco5	0	4	-4.704982189	9.552966969	0.78632431	8.153625145	3.858236633	0
eco5	0	5	-0.862446294	16.07206726	0.493013728	3.345181432	2.368216226	0
eco5	0	6	2.840102891	20.46293445	0.770878494	1.901275436	1.244150779	0
eco5	0	7	6.559138271	26.09881403	0.528656344	0.389138698	0.226928857	0
eco5	0	8	5.711938537	25.07791085	0.839254244	1.036429517	0.425280998	0
eco5	0	9	2.439363803	20.78670302	0.682569333	2.593914316	3.708934646	0
eco5	0	10	-1.769994501	14.30403512	0.468365232	7.471521348	4.771874948	0
eco5	0	11	-5.982289483	6.8453979	0.981250553	16.87249955	15.01892047	0
eco5	0	12	-8.923243669	3.334842854	0.79024647	30.56412338	23.68704104	0
eco1	5	1	-7.892533601	3.756096165	1.106977068	25.08211143	5.411474525	0
eco1	5	2	-6.04478644	5.551769128	0.524547926	20.31918171	10.48715261	0
eco1	5	3	-5.804456346	6.552823313	0.560308618	12.36201325	7.614003376	0
eco1	5	4	-3.881693897	10.24243133	0.550625942	6.998704854	2.556478156	0
eco1	5	5	-0.403373033	15.24777947	0.424804486	4.973152565	3.445168979	0
eco1	5	6	3.057845047	20.70068155	0.339016397	1.110696515	0.683163429	0
eco1	5	7	6.122307979	25.42101649	0.271601296	1.244651012	1.569693063	0
eco1	5	8	5.796953614	25.85755941	0.419975471	0.682398807	0.444911794	0
eco1	5	9	3.469487864	22.96694832	0.391954732	1.534220667	1.810782055	0
eco1	5	10	-1.034798177	16.24167927	1.245190521	4.447609135	5.508103524	0
eco1	5	11	-3.325720468	9.896490901	0.84981281	13.36292646	7.916113822	0
eco1	5	12	-7.109210001	4.920538975	0.239926524	15.09137758	11.7838035	0
eco2	5	1	-8.671766852	3.224561601	1.080464364	26.80338192	5.931459406	0
eco2	5	2	-6.739485894	5.125694518	0.551893768	21.97540905	11.46207514	0
eco2	5	3	-6.473320753	6.18002124	0.509683435	13.85138616	8.271324	0
eco2	5	4	-4.517238384	9.860892407	0.569072176	8.080660625	2.537005811	0
eco2	5	5	-0.870883723	14.88104172	0.446707663	5.822970593	3.92286178	0
eco2	5	6	2.710824004	20.36768895	0.287423747	1.097034556	0.783477278	0
eco2	5	7	5.778678223	24.93863625	0.282869839	1.367011338	1.79895468	0
eco2	5	8	5.298879946	25.2884007	0.396511679	0.708128381	0.414257513	0
eco2	5	9	2.991903765	22.49430888	0.459979214	1.565903332	1.578422377	0
eco2	5	10	-1.568056506	15.78685132	1.235453517	4.921555933	6.148765477	0
eco2	5	11	-3.982539938	9.434595731	0.850380129	14.48789767	8.917262651	0
eco2	5	12	-7.830557591	4.39725592	0.175438771	16.66502645	13.04942262	0
eco3	5	1	-9.232068871	2.942314494	1.08488878	28.12627238	6.449427201	0
eco3	5	2	-7.236661457	4.846123265	0.565411116	22.82913114	12.3323342	0
eco3	5	3	-6.92387821	5.877329703	0.485545554	14.71477337	8.699119	0
eco3	5	4	-4.904460263	9.570482772	0.586887762	8.475932698	2.458462334	0
eco3	5	5	-1.249057584	14.56397822	0.448785392	5.933256533	3.982930247	0
eco3	5	6	2.420107417	20.09849155	0.264824791	1.064521873	0.821349793	0
eco3	5	7	5.435794827	24.59800183	0.26090203	1.416304603	1.919696965	0
eco3	5	8	4.853932843	24.95918372	0.432122731	0.713377938	0.434751607	0
eco3	5	9	2.531296659	22.17823545	0.493559068	1.542546463	1.415839635	0
eco3	5	10	-2.001984452	15.51829647	1.223605258	5.133817455	6.407814221	0
eco3	5	11	-4.417908645	9.157236783	0.844357475	15.18713875	9.37497727	0
eco3	5	12	-8.363692478	4.094391846	0.145941663	17.92889745	14.16981524	0
eco4	5	1	-8.668636689	3.402190015	1.085318118	26.87448991	6.058606722	0
eco4	5	2	-6.778346764	5.227845369	0.539048108	21.96200488	11.70969252	0
eco4	5	3	-6.498194039	6.160747904	0.518889146	13.70617302	8.305550125	0
eco4	5	4	-4.520890964	9.810859128	0.564344201	7.646213334	2.560437864	0
eco4	5	5	-0.892098647	14.83251629	0.444826945	5.411759123	3.627239797	0
eco4	5	6	2.628662607	20.30949625	0.293267079	1.109382519	0.746204993	0
eco4	5	7	5.655140686	24.96243556	0.268057903	1.232861104	1.643054237	0
eco4	5	8	5.09322518	25.38972717	0.41277349	0.670470601	0.40846125	0
eco4	5	9	2.765821933	22.57202036	0.4346702	1.53789188	1.628658386	0
eco4	5	10	-1.686834512	15.90948651	1.213952852	4.879885527	6.034651797	0
eco4	5	11	-3.945679735	9.5609562	0.839503414	14.67391033	8.926429485	0
eco4	5	12	-7.831922746	4.548877944	0.168737843	17.08539862	13.31309141	0
eco5	5	1	-8.420294402	3.496291336	1.075582987	26.43476148	5.834454353	0
eco5	5	2	-6.510133465	5.307622752	0.547829015	21.40469432	11.36849675	0
eco5	5	3	-6.258842319	6.305511676	0.505566371	13.46094032	8.057210032	0
eco5	5	4	-4.303817065	9.979586186	0.566027275	7.480525588	2.412665476	0
eco5	5	5	-0.708847341	14.98293068	0.447420875	5.389686854	3.635711222	0
eco5	5	6	2.831261866	20.47054726	0.29092475	1.077199108	0.762244821	0
eco5	5	7	5.869931268	25.06908768	0.264899635	1.241693149	1.636103627	0
eco5	5	8	5.39662448	25.48061996	0.420516142	0.650038445	0.39327154	0
eco5	5	9	3.097663177	22.65886237	0.447684925	1.488555118	1.549683417	0
eco5	5	10	-1.393758173	15.99039799	1.203708888	4.816050457	5.994851989	0
eco5	5	11	-3.720878521	9.635883392	0.843192771	14.1581489	8.657851699	0
eco5	5	12	-7.616241467	4.632494298	0.158969903	16.72489611	13.15813786	0
eco1	10	1	-9.256281019	2.582973336	0.855217041	13.0268509	3.655012247	0
eco1	10	2	-7.469313209	5.044571443	0.694330978	12.32420598	5.136878884	0
eco1	10	3	-6.925124258	6.489462763	1.167795102	7.923975109	6.101929427	0
eco1	10	4	-3.577528417	11.50315713	0.51983196	4.589100061	4.44913067	0
eco1	10	5	-0.947063874	15.79907666	0.660486601	2.762797649	1.85078761	0
eco1	10	6	3.248070483	21.22981483	1.151302443	1.712472279	1.117851367	0
eco1	10	7	6.948618847	26.77450186	0.510446577	0.889435113	1.084001893	0
eco1	10	8	6.330392485	26.11510068	0.60647708	4.500721914	7.656832111	0
eco1	10	9	3.225271734	22.83427545	0.711294438	1.970533787	1.217490144	0
eco1	10	10	-0.982427669	15.13773483	0.633046397	4.935532114	2.755271569	0
eco1	10	11	-5.194631018	9.120391064	0.61055395	7.359623569	4.614331318	0
eco1	10	12	-8.595099083	3.801957604	0.503863762	15.87142268	9.263391499	0
eco2	10	1	-9.962158855	2.130609066	0.873479647	14.04600355	3.984938805	0
eco2	10	2	-8.168028685	4.719139173	0.715097752	13.00401151	5.23206017	0
eco2	10	3	-7.547355896	6.103796921	1.177226533	8.900286473	6.702493106	0
eco2	10	4	-4.189063379	11.11925629	0.569531098	5.321946317	4.709196611	0
eco2	10	5	-1.361399622	15.4313598	0.652818061	3.280062848	2.133806706	0
eco2	10	6	2.87789052	20.88235514	1.106653371	1.913151871	1.158961537	0
eco2	10	7	6.527414141	26.27458184	0.495516682	1.026938416	1.33688789	0
eco2	10	8	5.909437715	25.54904024	0.53546364	4.655851968	7.386470149	0
eco2	10	9	2.800164139	22.34174084	0.695490737	2.352292166	1.411262772	0
eco2	10	10	-1.561012069	14.72183952	0.615365952	5.22672763	2.981643786	0
eco2	10	11	-5.830739844	8.693033887	0.616459475	8.037717153	4.987773914	0
eco2	10	12	-9.343378848	3.354135243	0.526130949	16.9554012	9.764722721	0
eco3	10	1	-10.46607504	1.876985496	0.871581611	14.7536235	4.227203335	0
eco3	10	2	-8.667768224	4.475456822	0.740679201	13.44603617	5.392468953	0
eco3	10	3	-7.973126818	5.837031028	1.175764313	9.470926493	7.196392098	0
eco3	10	4	-4.576258562	10.86475639	0.60064939	5.636680696	4.884159375	0
eco3	10	5	-1.699262964	15.13525468	0.660989114	3.449004485	2.207457691	0
eco3	10	6	2.570664541	20.60399141	1.109314816	1.985232983	1.147074546	0
eco3	10	7	6.137812586	25.91514301	0.503213617	1.067842963	1.439038174	0
eco3	10	8	5.473997469	25.21498195	0.51934561	4.813077954	7.346214215	0
eco3	10	9	2.363372512	22.0027537	0.675062738	2.499474454	1.410460998	0
eco3	10	10	-1.977661507	14.51352306	0.628076272	5.549039322	3.146021909	0
eco3	10	11	-6.315781198	8.448612346	0.598187571	8.407072922	5.267109188	0
eco3	10	12	-9.905911595	3.110266625	0.520351923	17.70428291	10.25297942	0
eco4	10	1	-9.992272812	2.239264835	0.87983036	14.15437389	3.956984599	0
eco4	10	2	-8.269934136	4.766119821	0.726164598	13.33855536	5.392008726	0
eco4	10	3	-7.62453298	6.123746443	1.159187082	8.826921529	6.774601444	0
eco4	10	4	-4.203494218	11.10975144	0.566302398	5.085056301	4.576825857	0
eco4	10	5	-1.420979943	15.34304043	0.653663688	3.143165248	2.018019149	0
eco4	10	6	2.793872229	20.80176127	1.135210257	1.861411873	1.092367129	0
eco4	10	7	6.373253325	26.30830613	0.509819048	0.873864416	1.117408521	0
eco4	10	8	5.707161556	25.64019176	0.524795767	4.442121995	7.243003314	0
eco4	10	9	2.558547594	22.4169852	0.683190082	2.233736183	1.378077373	0
eco4	10	10	-1.626311475	14.83996362	0.640462805	5.272623872	3.00684606	0
eco4	10	11	-5.87277782	8.821316791	0.616134594	8.200843878	5.172597451	0
eco4	10	12	-9.433540837	3.477156926	0.504409134	17.48685838	10.08589036	0
eco5	10	1	-9.707716117	2.36603255	0.869840993	13.77290002	3.897576634	0
eco5	10	2	-7.968469787	4.876254752	0.712593844	12.85894189	5.255641196	0
eco5	10	3	-7.34622706	6.252608313	1.152230332	8.601409012	6.579315702	0
eco5	10	4	-3.976472368	11.26627606	0.578677748	4.974409148	4.430852224	0
eco5	10	5	-1.213021266	15.52026461	0.654415518	3.097723324	1.986983008	0
eco5	10	6	3.007525262	20.96634159	1.12474553	1.851448855	1.091912347	0
eco5	10	7	6.633488754	26.39376862	0.505705049	0.898126005	1.162105042	0
eco5	10	8	5.988950104	25.72607261	0.536869262	4.497672886	7.246908498	0
eco5	10	9	2.889066159	22.49717578	0.687464804	2.208450986	1.323001748	0
eco5	10	10	-1.350652289	14.95440785	0.635929866	5.183508235	2.963361884	0
eco5	10	11	-5.635977957	8.905435324	0.60703317	7.87687729	4.949489493	0
eco5	10	12	-9.13527593	3.617654264	0.515685268	16.92331617	9.790019916	0
eco1	15	1	-8.325830885	3.679785562	1.147578093	15.0150163	8.272956624	0
eco1	15	2	-7.269650019	4.52897478	1.01259869	16.65975102	7.245825096	0
eco1	15	3	-7.112786672	5.418875041	0.473228132	11.67376396	6.145314228	0
eco1	15	4	-3.680456769	11.61835046	0.903460673	3.293420692	1.86724812	0
eco1	15	5	0.46096392	17.68608615	0.960765707	2.347490988	1.173001844	0
eco1	15	6	3.198503759	21.36808999	0.534403772	1.907178181	2.415566686	0
eco1	15	7	6.41615138	25.95789525	0.251925702	1.146808068	1.709333643	0
eco1	15	8	6.016227639	25.11894615	0.702399965	1.845835889	2.274575564	0
eco1	15	9	3.21125472	22.36703253	0.869210739	2.330550507	2.72894706	0
eco1	15	10	-0.668403037	16.17525695	0.490927194	3.685698809	3.280428397	0
eco1	15	11	-7.757253243	5.995821373	0.629222143	9.046426522	8.094361071	0
eco1	15	12	-8.031338796	3.85226811	0.336856537	18.83789302	13.72793078	0
eco2	15	1	-9.048872576	3.217160055	1.188867538	15.8093175	8.813154961	0
eco2	15	2	-7.960660583	4.102854005	1.003535241	17.87196036	7.636270764	0
eco2	15	3	-7.78032709	5.025863436	0.463269258	12.91142506	6.794203368	0
eco2	15	4	-4.244898254	11.25235102	0.933740147	3.834944747	2.088590917	0
eco2	15	5	0.036443422	17.27615612	0.943134141	2.950011887	1.449337966	0
eco2	15	6	2.935331456	20.99509865	0.596406015	2.291159563	3.081270284	0
eco2	15	7	6.095819314	25.47393634	0.259696239	1.370000297	1.936983648	0
eco2	15	8	5.514273765	24.57965207	0.655924622	1.871013633	2.214885486	0
eco2	15	9	2.759804363	21.89687392	0.855386185	2.811576478	3.273371296	0
eco2	15	10	-1.219415156	15.70889032	0.491675837	3.77283484	3.562035534	0
eco2	15	11	-8.492462405	5.430793279	0.675141172	10.19610027	9.081987323	0
eco2	15	12	-8.783689674	3.341256408	0.39721708	20.31629366	14.35001134	0
eco3	15	1	-9.563021153	2.977542185	1.210023046	16.14877379	9.008606505	0
eco3	15	2	-8.402671319	3.825442146	0.980350027	18.53303011	7.881480977	0
eco3	15	3	-8.221065366	4.724099253	0.439840977	13.6075719	7.222864085	0
eco3	15	4	-4.621258526	10.98191858	0.937239191	4.065611525	2.221730985	0
eco3	15	5	-0.278901384	16.9914085	0.93399042	3.06812437	1.480883634	0
eco3	15	6	2.600907834	20.67656999	0.587547154	2.437085606	3.377058514	0
eco3	15	7	5.755892877	25.14668123	0.262946865	1.427604129	1.959579188	0
eco3	15	8	4.990636801	24.26710242	0.643404867	1.931581287	2.238941255	0
eco3	15	9	2.327582252	21.6315916	0.850601159	2.978894901	3.568985311	0
eco3	15	10	-1.646280957	15.43481654	0.497364329	3.776973958	3.693077291	0
eco3	15	11	-8.998445938	5.159863911	0.68371813	10.78187691	9.475907103	0
eco3	15	12	-9.312584078	3.099780348	0.40448574	21.62609423	15.02490631	0
eco4	15	1	-9.073292067	3.358160734	1.195422523	15.82217975	8.706082911	0
eco4	15	2	-7.979419872	4.182394616	0.992542274	18.05815075	7.678807174	0
eco4	15	3	-7.828154347	5.015631455	0.465097077	12.78591977	6.801148825	0
eco4	15	4	-4.293628408	11.21476214	0.906210238	3.662789942	2.081966237	0
eco4	15	5	-0.057421123	17.23647751	0.935590557	2.698404812	1.404555475	0
eco4	15	6	2.804813919	20.93430893	0.54553945	2.134591603	2.81236277	0
eco4	15	7	5.940181938	25.46294392	0.241743868	1.182309813	1.656117573	0
eco4	15	8	5.274787534	24.69427834	0.658599061	1.787014183	2.265412913	0
eco4	15	9	2.571884446	21.97981569	0.836911284	2.506423211	2.849972891	0
eco4	15	10	-1.30298361	15.78924638	0.489006301	3.817561349	3.559957062	0
eco4	15	11	-8.493361614	5.588978486	0.662131994	10.24802689	8.947210224	0
eco4	15	12	-8.826213009	3.474833218	0.388469219	21.02581464	14.82449069	0
eco5	15	1	-8.793585131	3.477953653	1.17769287	15.36184264	8.501229037	0
eco5	15	2	-7.70133318	4.284597346	0.976350589	17.54417422	7.469902058	0
eco5	15	3	-7.561933911	5.158264435	0.451224902	12.59239896	6.633626769	0
eco5	15	4	-4.055121789	11.36371431	0.91564187	3.594733687	1.988332317	0
eco5	15	5	0.189137062	17.39286569	0.941077394	2.695273735	1.350007888	0
eco5	15	6	2.998130751	21.07942645	0.557954877	2.157149535	2.839851835	0
eco5	15	7	6.180267267	25.62360441	0.249863918	1.198743286	1.718699679	0
eco5	15	8	5.558695869	24.78581176	0.647740191	1.786481819	2.19840787	0
eco5	15	9	2.876262488	22.0959701	0.83619502	2.585339584	2.994583284	0
eco5	15	10	-1.019487196	15.89810351	0.478401255	3.66704396	3.465982437	0
eco5	15	11	-8.235187998	5.705907324	0.661076453	9.982574413	8.894301394	0
eco5	15	12	-8.551917547	3.618759424	0.386313366	20.36070501	14.356114	0
eco1	20	1	-7.880539623	4.235943802	0.576997903	16.48307219	10.92763132	0
eco1	20	2	-6.283051123	6.234331943	0.48546077	12.14918923	9.171957115	0
eco1	20	3	-5.02366323	7.999978952	0.204151974	11.00358572	8.778854537	0
eco1	20	4	-3.439194248	11.96425891	0.646032952	4.23107378	1.793305418	0
eco1	20	5	0.875226141	17.67510004	0.28286005	2.747493494	2.106082228	0
eco1	20	6	3.688252718	21.10487494	0.522130123	2.897744002	2.595211911	0
eco1	20	7	6.718184384	26.26960965	0.496854335	0.808314682	0.646002115	0
eco1	20	8	6.16161516	25.65558038	0.457579185	0.834204457	0.661743388	0
eco1	20	9	2.472271908	20.76972252	0.494240482	3.612892636	4.752793105	0
eco1	20	10	-1.017761228	15.70866018	0.888575672	4.888326594	5.920760009	0
eco1	20	11	-5.063501461	7.268611792	0.391709883	15.65672956	8.467826035	0
eco1	20	12	-6.927983915	5.16954341	0.447655225	17.16348582	9.551872298	0
eco2	20	1	-8.556910343	3.733811151	0.57965986	17.5980303	11.62318518	0
eco2	20	2	-6.92360551	5.879237293	0.528468326	12.93977908	9.807138039	0
eco2	20	3	-5.714289784	7.724204664	0.184248379	12.37035509	10.26482611	0
eco2	20	4	-4.037213771	11.6317614	0.637770795	4.888371861	2.175374039	0
eco2	20	5	0.499231724	17.27255113	0.302603981	3.213300241	2.577758129	0
eco2	20	6	3.256772804	20.65366765	0.479209677	3.231661486	2.712583493	0
eco2	20	7	6.248248566	25.73337515	0.49229504	0.943193528	0.667189986	0
eco2	20	8	5.637227676	25.09531048	0.472730719	0.985425608	0.728637503	0
eco2	20	9	1.924070545	20.2607928	0.495565489	3.978252373	5.0048028	0
eco2	20	10	-1.570362205	15.1698918	0.893038508	5.310319369	6.262280146	0
eco2	20	11	-5.772096662	6.727222028	0.444897528	17.02713722	8.997037644	0
eco2	20	12	-7.632776411	4.765581662	0.463825241	18.69839262	10.21035668	0
eco3	20	1	-9.066717467	3.45521738	0.562936224	18.36366549	11.98318274	0
eco3	20	2	-7.416660027	5.617758551	0.558570274	13.42811991	10.17563635	0
eco3	20	3	-6.18169125	7.478476481	0.188715327	13.24413976	10.95640827	0
eco3	20	4	-4.429463111	11.36933466	0.647617111	5.146683162	2.301762655	0
eco3	20	5	0.16719441	16.97816303	0.321222456	3.331571764	2.710253875	0
eco3	20	6	2.863914559	20.35478663	0.485117367	3.433094701	2.768756701	0
eco3	20	7	5.806205138	25.39461041	0.485148319	0.989170884	0.697245381	0
eco3	20	8	5.159130418	24.78791705	0.483473564	1.064695109	0.799967269	0
eco3	20	9	1.426554295	19.97031279	0.475070694	4.119564322	5.108952378	0
eco3	20	10	-1.995438909	14.86983902	0.905661304	5.602664686	6.596438139	0
eco3	20	11	-6.237247442	6.42134735	0.457498345	17.77174999	9.262419022	0
eco3	20	12	-8.176599852	4.55555229	0.480977982	20.01539135	10.86787779	0
eco4	20	1	-8.628782234	3.90165436	0.577080526	17.79736896	11.6865831	0
eco4	20	2	-7.006219746	5.938764524	0.540392809	13.23863305	10.05047439	0
eco4	20	3	-5.748344857	7.692187986	0.200886041	12.3206654	9.960330282	0
eco4	20	4	-4.064727013	11.59765236	0.63383772	4.645140525	2.004278655	0
eco4	20	5	0.397666002	17.21499417	0.282387425	3.011028933	2.34025523	0
eco4	20	6	3.191605175	20.65357628	0.489084988	3.240240532	2.720015387	0
eco4	20	7	6.079342238	25.80931527	0.485214771	0.821746492	0.610160265	0
eco4	20	8	5.425215136	25.22361525	0.464636442	0.943326388	0.702228985	0
eco4	20	9	1.782568618	20.38987373	0.468669938	3.814283717	4.93708234	0
eco4	20	10	-1.659446323	15.31301174	0.885769925	5.337925019	6.464329573	0
eco4	20	11	-5.728249156	6.859189495	0.402335947	17.18926669	9.074526562	0
eco4	20	12	-7.6583972	4.880898482	0.436444143	19.13527526	10.54180468	0
eco5	20	1	-8.337071152	4.01126512	0.565597485	17.31691342	11.36036554	0
eco5	20	2	-6.71569522	6.043529027	0.531357381	12.76921531	9.711958955	0
eco5	20	3	-5.508431304	7.850847948	0.187006071	12.05368444	9.876288318	0
eco5	20	4	-3.840842704	11.76129431	0.632389673	4.55273797	1.981175939	0
eco5	20	5	0.629738866	17.37427524	0.302126157	2.981216032	2.381693987	0
eco5	20	6	3.388631166	20.77307229	0.496328966	3.184157423	2.630767733	0
eco5	20	7	6.322595321	25.88470754	0.485643968	0.824886691	0.620572863	0
eco5	20	8	5.722158355	25.28955827	0.473526899	0.932041261	0.706070562	0
eco5	20	9	2.06122218	20.4704363	0.466875338	3.790276778	4.898345113	0
eco5	20	10	-1.389471952	15.39410551	0.895955461	5.262935688	6.300706274	0
eco5	20	11	-5.510182508	6.958834621	0.418573716	16.62992085	8.794453055	0
eco5	20	12	-7.427651453	5.020621688	0.455908231	18.74063692	10.3229854	0
eco1	25	1	-6.900386613	5.071650554	1.211141449	15.36490009	10.43183584	0
eco1	25	2	-4.964748084	6.578186577	0.551487248	15.46180249	9.693372095	0
eco1	25	3	-4.302214311	8.632150623	1.177502939	12.32820913	4.267184807	0
eco1	25	4	-2.664293448	12.82265707	0.81867034	4.124145801	4.571235722	0
eco1	25	5	-0.344442536	15.09730421	0.676713907	7.031759594	3.173334679	0
eco1	25	6	3.898246836	21.13085345	0.642717607	2.595514643	2.472817156	0
eco1	25	7	7.8229369	27.47611575	0.365515652	0.631512156	0.164292169	0
eco1	25	8	6.438132336	26.19663627	0.730207761	1.006440442	1.203432285	0
eco1	25	9	5.282328209	23.96501955	0.811888329	1.879192917	1.68435697	0
eco1	25	10	-0.870922507	15.86152856	1.024542974	5.380793337	4.552342772	0
eco1	25	11	-4.826472196	8.705996385	1.533384378	10.55297005	11.88677042	0
eco1	25	12	-7.152073513	5.161544045	0.97432434	18.56566576	16.0745443	0
eco2	25	1	-7.505916011	4.656590641	1.199580639	16.82702498	11.16327904	0
eco2	25	2	-5.588184138	6.262728186	0.590756263	16.43897242	9.854227647	0
eco2	25	3	-4.901930325	8.336932292	1.126656201	13.83077976	4.836921305	0
eco2	25	4	-3.205226731	12.43705593	0.820517139	4.697964815	4.945363069	0
eco2	25	5	-0.860441963	14.69194837	0.677006081	8.05661327	3.267143015	0
eco2	25	6	3.507651895	20.6815692	0.650838645	2.913670952	2.829584732	0
eco2	25	7	7.434513169	27.02821949	0.345582868	0.831465136	0.185553316	0
eco2	25	8	5.990641123	25.64018053	0.741109226	0.965508422	1.114213616	0
eco2	25	9	4.84565088	23.5172628	0.818982216	2.22645029	2.052644218	0
eco2	25	10	-1.433884582	15.39243855	1.044398285	5.701733643	4.993758645	0
eco2	25	11	-5.506651676	8.184718329	1.558186948	11.90268826	13.45246422	0
eco2	25	12	-7.841046325	4.688378221	1.054768801	19.62135776	17.35372296	0
eco3	25	1	-7.973917016	4.396670682	1.172729193	17.72466021	11.85559908	0
eco3	25	2	-6.05989648	5.990398165	0.569421989	17.09005478	10.04593116	0
eco3	25	3	-5.273483381	8.105880769	1.108583139	14.58843063	5.228589217	0
eco3	25	4	-3.584863749	12.17877735	0.832788745	4.906025491	5.145030263	0
eco3	25	5	-1.190220156	14.41659428	0.68318658	8.403601253	3.261352795	0
eco3	25	6	3.181716847	20.36220948	0.681631623	3.006450827	2.885199697	0
eco3	25	7	7.037989909	26.72052686	0.376631962	0.937474222	0.243817651	0
eco3	25	8	5.550370575	25.30142285	0.745818024	1.02661152	1.156679332	0
eco3	25	9	4.428185792	23.21710234	0.813296692	2.376276883	2.191698869	0
eco3	25	10	-1.85926036	15.13093716	1.030431009	6.036991171	5.187482266	0
eco3	25	11	-5.971508182	7.922640003	1.593279866	12.70997981	14.26699328	0
eco3	25	12	-8.363550084	4.42780885	1.050919942	20.62310497	18.53151575	0
eco4	25	1	-7.589520388	4.744160118	1.231840369	16.92075205	11.38983406	0
eco4	25	2	-5.636531319	6.278466478	0.559105926	16.69456905	9.906029714	0
eco4	25	3	-4.933772951	8.323194512	1.148860229	13.72611976	4.83300297	0
eco4	25	4	-3.243471747	12.44760081	0.820177601	4.491434096	4.846173739	0
eco4	25	5	-0.848584178	14.6589117	0.699589101	7.739160621	3.074126165	0
eco4	25	6	3.409625918	20.62052007	0.677342605	2.786150161	2.609547274	0
eco4	25	7	7.2352752	27.07893493	0.390619358	0.699805712	0.181595337	0
eco4	25	8	5.773578402	25.72594626	0.749701831	0.979793181	1.160751874	0
eco4	25	9	4.65820604	23.5992493	0.819388078	2.111952377	1.89390079	0
eco4	25	10	-1.523332074	15.49712491	1.045795275	5.770406827	4.847418203	0
eco4	25	11	-5.489260908	8.328965271	1.556457466	11.8352284	13.14619753	0
eco4	25	12	-7.887674295	4.835665938	1.00578011	20.49014607	17.76904418	0
eco5	25	1	-7.290522442	4.868907375	1.1919245	16.55042103	11.06369432	0
eco5	25	2	-5.413735296	6.390566535	0.554622759	16.24444806	9.764479843	0
eco5	25	3	-4.678047675	8.456371922	1.134465239	13.38065232	4.710072102	0
eco5	25	4	-3.020280046	12.57898191	0.820768976	4.383445793	4.733966635	0
eco5	25	5	-0.67581402	14.80762031	0.696976055	7.62091868	3.085154843	0
eco5	25	6	3.628151838	20.78669031	0.670557411	2.826316103	2.68375227	0
eco5	25	7	7.498315623	27.18714024	0.37608862	0.721357398	0.166413423	0
eco5	25	8	6.058249953	25.82345795	0.737457029	0.97307945	1.168001688	0
eco5	25	9	4.929768483	23.67609976	0.801025548	2.105091793	1.927716685	0
eco5	25	10	-1.259304049	15.59892325	1.028084833	5.581174386	4.735217846	0
eco5	25	11	-5.266613127	8.426329856	1.551878243	11.62268276	13.01794864	0
eco5	25	12	-7.626834764	4.94263828	1.000654398	19.76923062	17.50517053	0
eco1	30	1	-6.954916744	4.480524171	1.233069132	16.22405619	5.850018049	0
eco1	30	2	-5.695923467	6.329564564	0.456150357	8.900259952	9.108135628	0
eco1	30	3	-4.412182951	7.577325513	0.914789008	16.89692793	6.236050931	0
eco1	30	4	-2.500163418	11.4980991	0.930297701	6.636899679	2.536723298	0
eco1	30	5	-0.49779677	14.96951827	0.661072462	5.567366473	2.778645109	0
eco1	30	6	3.967523885	22.00766604	0.727078249	1.546980122	1.64258556	0
eco1	30	7	8.0735594	27.39510776	0.623715687	1.747623023	2.049384248	0
eco1	30	8	6.955180491	26.56167968	0.351662714	0.813170446	0.234552231	0
eco1	30	9	4.379188122	23.68078893	0.601347263	2.481798208	2.037971504	0
eco1	30	10	0.361376409	17.69615806	0.643504412	4.039588561	2.448595811	0
eco1	30	11	-4.037385757	8.375834898	0.417351108	20.21972294	11.53685777	0
eco1	30	12	-7.38114303	4.446558405	0.48032277	12.60349904	7.408400468	0
eco2	30	1	-7.680146795	4.025935808	1.29472369	17.5456911	6.454427223	0
eco2	30	2	-6.288543937	5.943271597	0.427960398	9.959649651	10.23406225	0
eco2	30	3	-5.150395024	7.206869058	0.928544567	18.53461541	6.732663312	0
eco2	30	4	-3.145968034	11.09814254	0.939380498	7.501066092	2.656971552	0
eco2	30	5	-1.045600865	14.52797105	0.68145209	6.370633184	3.17600311	0
eco2	30	6	3.56146344	21.50922713	0.726407096	1.717587207	1.802021939	0
eco2	30	7	7.711392945	26.84785794	0.578291194	1.93916708	2.433259929	0
eco2	30	8	6.460180856	26.01304942	0.34090961	0.914505184	0.294060564	0
eco2	30	9	3.883469854	23.17348388	0.592953242	2.604691346	2.277800147	0
eco2	30	10	-0.226582091	17.25285717	0.677203889	4.609827398	2.713602893	0
eco2	30	11	-4.784345089	7.805649842	0.426243218	21.92182731	12.58269681	0
eco2	30	12	-8.08906725	3.963867655	0.472452906	13.01615016	7.417236933	0
eco3	30	1	-8.174045169	3.784360884	1.3068923	18.32218109	7.051145973	0
eco3	30	2	-6.71211267	5.667261406	0.422149338	10.66090312	11.02391713	0
eco3	30	3	-5.618014852	6.897791394	0.931851702	19.32610786	6.892930788	0
eco3	30	4	-3.519670249	10.81695291	0.93347925	7.896688607	2.752169799	0
eco3	30	5	-1.4173391	14.22770654	0.69561271	6.544108835	3.282518136	0
eco3	30	6	3.179132429	21.1605064	0.715190116	1.823583401	1.890416572	0
eco3	30	7	7.309575156	26.48053396	0.564367306	1.968294355	2.514095603	0
eco3	30	8	6.00766192	25.66641157	0.337652087	0.974104556	0.352930275	0
eco3	30	9	3.401234454	22.86317191	0.575635445	2.691423321	2.349066326	0
eco3	30	10	-0.661524539	17.00559181	0.693122145	4.902087909	2.850037559	0
eco3	30	11	-5.294781888	7.506439444	0.409405788	22.96985733	13.23355098	0
eco3	30	12	-8.635048908	3.718816026	0.47915045	13.5241948	7.537490961	0
eco4	30	1	-7.681863521	4.175232808	1.27070059	17.63599851	6.582123341	0
eco4	30	2	-6.364664923	6.006243908	0.423765912	10.04994343	10.23908897	0
eco4	30	3	-5.134373868	7.208851694	0.911618262	18.31641888	6.703577244	0
eco4	30	4	-3.149011816	11.08434406	0.930380715	7.235996729	2.67923844	0
eco4	30	5	-1.041022247	14.52753642	0.688008642	6.168346062	3.10576699	0
eco4	30	6	3.469898182	21.51656706	0.715990983	1.672578138	1.767859343	0
eco4	30	7	7.57108753	26.91174441	0.576897862	1.660961974	2.015619444	0
eco4	30	8	6.256167921	26.0818335	0.343453397	0.843653788	0.286762845	0
eco4	30	9	3.693197979	23.29433017	0.60390225	2.532229822	2.064359511	0
eco4	30	10	-0.325886316	17.38303245	0.66164693	4.628369177	2.699408635	0
eco4	30	11	-4.757010418	7.947113429	0.422023735	22.29047126	12.67899637	0
eco4	30	12	-8.14532895	4.10778985	0.486122238	13.58581934	7.76709873	0
eco5	30	1	-7.423443539	4.281546595	1.266301594	17.19429148	6.587427439	0
eco5	30	2	-6.083064911	6.10286193	0.434791557	9.792073175	10.06439704	0
eco5	30	3	-4.923368222	7.327552719	0.915718808	17.94146794	6.611121497	0
eco5	30	4	-2.919557958	11.22577207	0.925074025	7.063532131	2.56809933	0
eco5	30	5	-0.86112452	14.66596677	0.685091725	5.976850736	2.978800241	0
eco5	30	6	3.670636624	21.62844006	0.716374256	1.696501705	1.794289544	0
eco5	30	7	7.786926221	26.98890241	0.582055389	1.7141048	2.135820439	0
eco5	30	8	6.5509088	26.17984858	0.34951248	0.842256614	0.297667397	0
eco5	30	9	3.989437386	23.35358622	0.594108476	2.501353771	2.125104339	0
eco5	30	10	-0.048593573	17.44671129	0.663404317	4.513277502	2.650292397	0
eco5	30	11	-4.569604433	8.032711938	0.404568059	21.57357522	12.39367393	0
eco5	30	12	-7.894587387	4.220609403	0.470889141	13.12966867	7.469078683	0
eco1	35	1	-6.831761269	4.565651977	1.592444959	19.36867563	16.47998324	0
eco1	35	2	-5.114410408	7.250495733	0.849239325	10.80058204	6.067681884	0
eco1	35	3	-4.300748012	8.422595803	0.713877198	14.50186519	8.691833434	0
eco1	35	4	-3.008191671	12.50192565	1.214325161	3.316451373	1.953856447	0
eco1	35	5	-0.222489763	16.23675051	0.63983773	2.673659604	1.722247863	0
eco1	35	6	4.367985683	22.46260896	0.381792992	1.28355946	0.812939524	0
eco1	35	7	7.205306941	26.65572945	0.253005483	0.394580039	0.398128574	0
eco1	35	8	7.76229288	27.41620691	0.37417218	1.144699922	1.290526644	0
eco1	35	9	3.926573649	21.68771256	0.820606276	2.882141501	2.249393745	0
eco1	35	10	-0.959211988	14.43018787	0.418616798	8.793380108	6.707101865	0
eco1	35	11	-4.638436086	7.952227163	0.837223242	15.09243568	5.414546454	0
eco1	35	12	-9.673655832	2.594895959	0.636979742	19.77539833	15.65281336	0
eco2	35	1	-7.469920311	4.126287936	1.627149498	20.84978735	17.42965094	0
eco2	35	2	-5.76046988	6.929052868	0.875138081	11.36329323	5.976098422	0
eco2	35	3	-4.898606138	8.076831411	0.7223054	15.922075	9.685263971	0
eco2	35	4	-3.570698024	12.14695077	1.211545175	3.735268692	2.427506092	0
eco2	35	5	-0.697228282	15.89802095	0.609088798	3.283389688	2.070028552	0
eco2	35	6	4.0851754	22.00399803	0.330647495	1.479957895	0.859593808	0
eco2	35	7	6.825715455	26.12693197	0.263363481	0.488973138	0.512125549	0
eco2	35	8	7.239098372	26.89652484	0.389921189	1.350861827	1.602898241	0
eco2	35	9	3.356655247	21.17773733	0.764133028	3.59340005	2.785696663	0
eco2	35	10	-1.509738938	13.96372365	0.437641376	8.697585771	6.895069809	0
eco2	35	11	-5.319490083	7.372658279	0.886116966	16.16475859	5.417172108	0
eco2	35	12	-10.41386877	2.029367822	0.641931027	21.4322901	16.74345045	0
eco3	35	1	-7.914751269	3.840561309	1.63589855	21.62873802	17.97924712	0
eco3	35	2	-6.186690695	6.706032289	0.878383603	11.75926428	6.039236066	0
eco3	35	3	-5.269410633	7.797615979	0.727362144	16.94680913	10.22842175	0
eco3	35	4	-3.945518321	11.89590525	1.198613739	3.902180689	2.624447215	0
eco3	35	5	-1.05728463	15.61744888	0.620101252	3.487486877	2.160130975	0
eco3	35	6	3.8495407	21.69263149	0.284073256	1.590444819	0.87838557	0
eco3	35	7	6.439156258	25.78978812	0.262532978	0.505790378	0.586068765	0
eco3	35	8	6.722534949	26.56542821	0.417907671	1.491138043	1.789789118	0
eco3	35	9	2.917108968	20.90219835	0.726858529	3.875554637	2.972434433	0
eco3	35	10	-1.93592289	13.69789876	0.409651245	8.982661527	7.256908155	0
eco3	35	11	-5.782086501	7.078910987	0.909277653	16.75543557	5.533858732	0
eco3	35	12	-10.95121999	1.780765997	0.66004655	22.84893386	17.5815846	0
eco4	35	1	-7.51965353	4.222297077	1.643961523	20.76435868	17.34591956	0
eco4	35	2	-5.79748377	7.005330371	0.867974993	11.58671868	6.21557843	0
eco4	35	3	-4.9121975	8.064344339	0.707705717	16.05804413	9.68576163	0
eco4	35	4	-3.608329781	12.13371047	1.1988327	3.609453707	2.221881545	0
eco4	35	5	-0.743326317	15.84648904	0.628164469	3.079747856	1.883068412	0
eco4	35	6	4.008509623	21.94939045	0.33451087	1.467392365	0.840122324	0
eco4	35	7	6.679537149	26.18050792	0.261829705	0.436262454	0.46493704	0
eco4	35	8	7.017769693	26.99967231	0.385560101	1.273305359	1.540436692	0
eco4	35	9	3.23825077	21.31455968	0.778789757	3.398500909	2.719806331	0
eco4	35	10	-1.581384692	14.06024514	0.390567411	8.865107377	6.971666086	0
eco4	35	11	-5.314219139	7.536116909	0.880840717	16.31899365	5.781217191	0
eco4	35	12	-10.47330841	2.185769219	0.66224868	22.18345638	17.304825	0
eco5	35	1	-7.228429313	4.341296783	1.615325504	20.36324103	17.04348035	0
eco5	35	2	-5.521265687	7.095745154	0.844719031	11.19468034	5.939866125	0
eco5	35	3	-4.671668841	8.176834672	0.704393441	15.69577975	9.424119045	0
eco5	35	4	-3.368510833	12.28236811	1.202926125	3.504894355	2.246624255	0
eco5	35	5	-0.525769877	16.01977406	0.613080603	3.060247759	1.899540265	0
eco5	35	6	4.232023863	22.10311146	0.328619124	1.461621925	0.857691916	0
eco5	35	7	6.91150128	26.27144617	0.263435161	0.432998333	0.46523502	0
eco5	35	8	7.297222787	27.07309741	0.395373147	1.286179717	1.51911819	0
eco5	35	9	3.51343651	21.38295132	0.760764862	3.39474604	2.700107625	0
eco5	35	10	-1.327362918	14.15982612	0.408659261	8.667075677	6.826083858	0
eco5	35	11	-5.090992323	7.61387648	0.869929073	15.89707972	5.517676378	0
eco5	35	12	-10.20132013	2.32457797	0.655826536	21.5950002	16.7805785	0
eco1	40	1	-9.064963374	2.612541806	1.208825234	16.67387937	2.303494834	0
eco1	40	2	-6.168576414	5.745488408	1.146597585	14.08803223	7.650454199	0
eco1	40	3	-5.325903631	7.233067939	0.650260407	11.41336129	5.08126513	0
eco1	40	4	-2.902907172	12.15442222	0.397433453	5.849449778	2.759745233	0
eco1	40	5	0.554674804	16.76677875	0.667765853	5.514143733	2.882881771	0
eco1	40	6	3.579987875	21.47970715	0.776126409	1.57913446	1.042765121	0
eco1	40	7	7.118558525	26.54135231	0.916795586	0.340414643	0.297428317	0
eco1	40	8	6.535170566	26.25642082	0.339655141	0.851023379	0.293906649	0
eco1	40	9	4.435088309	23.38011332	1.013784285	1.6367316	0.765736415	0
eco1	40	10	-0.836647856	16.99467507	1.157653958	3.097455707	2.513565875	0
eco1	40	11	-5.109555739	8.516577955	0.809894657	7.417794308	8.606802146	0
eco1	40	12	-7.624970923	4.23735679	0.808763967	21.80649076	15.67102806	0
eco2	40	1	-9.758575594	2.055675281	1.199346585	18.10307811	2.641429802	0
eco2	40	2	-6.745902675	5.420032039	1.201718892	15.0338492	8.220563771	0
eco2	40	3	-6.00918822	6.896418584	0.631941555	12.86221042	5.927291816	0
eco2	40	4	-3.440162104	11.79929822	0.413326551	6.786047038	2.94023962	0
eco2	40	5	0.116896861	16.37739426	0.684499697	6.560526262	3.226241348	0
eco2	40	6	3.179549413	21.05455012	0.766059695	1.722146743	1.143796653	0
eco2	40	7	6.664074984	26.01306571	0.924657659	0.494194785	0.471297463	0
eco2	40	8	6.064590057	25.71780199	0.346288307	1.068425666	0.410840571	0
eco2	40	9	3.899161296	22.8942118	1.020335972	1.729221563	0.765399463	0
eco2	40	10	-1.391127109	16.53119229	1.156813181	3.266075227	2.605598605	0
eco2	40	11	-5.824675724	7.943779086	0.820873972	8.341608245	9.639499874	0
eco2	40	12	-8.362850741	3.761592642	0.883235077	22.52062916	16.37394085	0
eco3	40	1	-10.25849817	1.745035395	1.222620225	19.06964281	2.914669528	0
eco3	40	2	-7.20426608	5.178473746	1.219444984	15.59137351	8.549137044	0
eco3	40	3	-6.486961368	6.611575572	0.623874503	13.55693139	6.227082979	0
eco3	40	4	-3.821413322	11.54034128	0.408118417	7.213567324	3.092317846	0
eco3	40	5	-0.215259428	16.09683128	0.70533813	6.843288876	3.318312761	0
eco3	40	6	2.864144992	20.78142362	0.745569015	1.812197522	1.185726199	0
eco3	40	7	6.306558632	25.68039165	0.930930322	0.536861212	0.53459627	0
eco3	40	8	5.614364708	25.38643886	0.33753225	1.172960103	0.495082965	0
eco3	40	9	3.458421701	22.62034457	1.030629086	1.735381709	0.758932461	0
eco3	40	10	-1.861075805	16.25936421	1.153609766	3.412250381	2.714080734	0
eco3	40	11	-6.353834559	7.627453276	0.850036965	8.826863964	10.25084043	0
eco3	40	12	-8.869908503	3.522308503	0.902264535	23.56858086	17.04396514	0
eco4	40	1	-9.801156189	2.190165612	1.26187501	18.2360575	2.533867065	0
eco4	40	2	-6.800718236	5.480501502	1.185424388	15.29299908	8.391134205	0
eco4	40	3	-6.056748628	6.857014646	0.631230735	12.66316197	5.640937127	0
eco4	40	4	-3.483702938	11.75734588	0.40199911	6.510831065	2.815256824	0
eco4	40	5	0.06642204	16.31336136	0.684731826	6.089971777	3.022604164	0
eco4	40	6	3.101530707	21.05478806	0.770130579	1.72348673	1.138040562	0
eco4	40	7	6.55093927	26.11056857	0.911690428	0.390584143	0.355163018	0
eco4	40	8	5.852234097	25.8298728	0.34069615	0.914149356	0.322365631	0
eco4	40	9	3.761303155	23.01748123	1.002688214	1.660855618	0.709836761	0
eco4	40	10	-1.525690153	16.63992242	1.147410019	3.284568367	2.614154847	0
eco4	40	11	-5.879896735	8.06058252	0.840844543	8.549671172	10.00664411	0
eco4	40	12	-8.370637772	3.902283939	0.862796723	23.33449513	16.67491087	0
eco5	40	1	-9.497479297	2.313532725	1.238082767	17.8329551	2.474106552	0
eco5	40	2	-6.544485969	5.576136562	1.188934618	14.76374601	8.037250186	0
eco5	40	3	-5.798698615	6.999203838	0.633664631	12.44321023	5.584447024	0
eco5	40	4	-3.258357544	11.92698823	0.40514629	6.333972726	2.73348514	0
eco5	40	5	0.278314914	16.48789313	0.694820422	6.082234187	3.050411807	0
eco5	40	6	3.334634486	21.1861479	0.759983338	1.705659963	1.123054836	0
eco5	40	7	6.785517978	26.16568112	0.925670603	0.39871492	0.374002676	0
eco5	40	8	6.159667554	25.90336311	0.347524849	0.950426791	0.336372349	0
eco5	40	9	4.04355998	23.08782129	1.010869304	1.630470113	0.737831243	0
eco5	40	10	-1.246532239	16.72367758	1.151195819	3.213834468	2.574974758	0
eco5	40	11	-5.633021807	8.170433463	0.82998459	8.220349678	9.61537541	0
eco5	40	12	-8.119277687	4.007197343	0.872196311	22.70519005	16.31335199	0
eco1	45	1	-7.639150535	4.473780477	0.486204975	12.21086717	8.17259485	0
eco1	45	2	-6.519550111	5.678236141	1.003993369	10.37130568	5.594160907	0
eco1	45	3	-4.176807398	8.336546577	0.590130986	16.19502755	7.545534681	0
eco1	45	4	-2.497994015	13.01693074	0.215079831	5.351598754	2.713478984	0
eco1	45	5	0.267423248	16.13885077	0.888381206	5.533876691	4.615425022	0
eco1	45	6	3.504363128	21.1347841	0.679177244	2.304873148	1.989329166	0
eco1	45	7	7.661349262	26.69819255	1.237510398	1.169143858	1.250696714	0
eco1	45	8	6.825729361	26.3896449	0.494782386	1.310951966	1.041995785	0
eco1	45	9	4.784870871	22.48058518	0.469422621	3.467736338	3.819534852	0
eco1	45	10	-1.864768444	14.10217647	0.421589417	3.645018308	2.103790832	0
eco1	45	11	-4.877646254	8.857804259	0.426816364	6.605626831	5.591010944	0
eco1	45	12	-7.86958533	4.475912773	0.473943805	17.4491076	9.871518605	0
eco2	45	1	-8.365719549	4.043734498	0.515206145	12.93800961	8.276189835	0
eco2	45	2	-7.130756385	5.34376237	1.011165644	11.10030668	5.901295373	0
eco2	45	3	-4.808995355	8.024149042	0.576475134	17.86162257	8.28858411	0
eco2	45	4	-3.083480709	12.6825195	0.215895038	6.401573603	3.259991533	0
eco2	45	5	-0.19673286	15.74547094	0.837394707	6.379867745	5.214568954	0
eco2	45	6	3.140482856	20.71273629	0.681311221	2.461087249	2.279254971	0
eco2	45	7	7.193541032	26.16153648	1.183017568	1.402346594	1.394680538	0
eco2	45	8	6.330425719	25.84570858	0.491591787	1.517125828	1.264307715	0
eco2	45	9	4.171587452	21.9673734	0.470057144	3.822998042	3.812374091	0
eco2	45	10	-2.458957485	13.60365651	0.473960896	4.00514793	2.254355205	0
eco2	45	11	-5.595306773	8.361297391	0.487614929	7.703986175	6.879917908	0
eco2	45	12	-8.594384851	3.99337171	0.444790476	19.22603427	10.74145141	0
eco3	45	1	-8.857527617	3.798272498	0.496799582	13.38147807	8.379343636	0
eco3	45	2	-7.569804148	5.100492362	1.013273089	11.58208775	6.03517994	0
eco3	45	3	-5.225556192	7.754597888	0.553350305	18.78269803	8.823516581	0
eco3	45	4	-3.478472666	12.41838977	0.183025054	6.881743337	3.554901316	0
eco3	45	5	-0.543419057	15.43822919	0.816446134	6.5684941	5.327702662	0
eco3	45	6	2.827724335	20.40365221	0.65844927	2.493495142	2.34154009	0
eco3	45	7	6.730382872	25.80009271	1.183823811	1.4697856	1.43983448	0
eco3	45	8	5.868589625	25.52949981	0.499159565	1.668509638	1.35015386	0
eco3	45	9	3.6541053	21.59708379	0.428320587	3.901559239	3.811772682	0
eco3	45	10	-2.907307334	13.35025901	0.496281549	4.270238675	2.392274574	0
eco3	45	11	-6.116944521	8.103380389	0.510911744	8.245905817	7.510144174	0
eco3	45	12	-9.119329761	3.754985691	0.419823189	20.46283072	11.276556	0
eco4	45	1	-8.407395222	4.147369936	0.476913073	12.94163968	8.305479091	0
eco4	45	2	-7.216124271	5.377893916	1.017326576	11.28651018	5.936611924	0
eco4	45	3	-4.819261811	7.988450605	0.58250208	17.67782928	8.407008246	0
eco4	45	4	-3.125150218	12.64491851	0.195730652	6.042286897	3.105956788	0
eco4	45	5	-0.250405267	15.69265369	0.838717092	6.026570128	4.867560268	0
eco4	45	6	3.072914228	20.65299448	0.67462442	2.416723771	2.171634807	0
eco4	45	7	7.042874374	26.23089673	1.203726634	1.218693676	1.274483637	0
eco4	45	8	6.128284137	25.96760841	0.503046949	1.39500398	1.124282124	0
eco4	45	9	4.018076703	22.06808965	0.414191446	3.62324723	3.724616207	0
eco4	45	10	-2.513009983	13.727027	0.449259616	3.965108354	2.217350564	0
eco4	45	11	-5.605435558	8.504325527	0.481975167	7.724622377	6.764712607	0
eco4	45	12	-8.629092255	4.151871847	0.43832038	19.86942047	11.16989188	0
eco5	45	1	-8.125017296	4.278828489	0.478171136	12.65587248	8.128431738	0
eco5	45	2	-6.921178866	5.511327752	0.998731974	10.90246841	5.724170883	0
eco5	45	3	-4.595242903	8.120422667	0.568623799	17.28827352	8.196974813	0
eco5	45	4	-2.880553041	12.79562182	0.194069173	5.968343181	3.046132301	0
eco5	45	5	-0.045009953	15.85045468	0.831272196	5.917141946	4.821081961	0
eco5	45	6	3.267748214	20.80820827	0.657799428	2.395447784	2.15437103	0
eco5	45	7	7.264886433	26.31112224	1.20214081	1.240989721	1.264438719	0
eco5	45	8	6.418533185	26.0468083	0.495559778	1.415535062	1.167555865	0
eco5	45	9	4.290014596	22.13895157	0.426400845	3.593846987	3.714503313	0
eco5	45	10	-2.265513392	13.8228717	0.463456119	3.90702884	2.217603442	0
eco5	45	11	-5.363868529	8.596573231	0.480579119	7.516759696	6.731671985	0
eco5	45	12	-8.380304893	4.261475833	0.429809841	19.22273835	10.80216009	0
eco1	50	1	-6.641975972	5.763144082	0.580085853	7.783256177	6.554696367	0
eco1	50	2	-5.510597807	6.90144604	0.714375613	11.92866849	3.587492873	0
eco1	50	3	-3.875289446	9.411295742	0.665088573	11.52185779	3.496830822	0
eco1	50	4	-2.898536339	11.97215674	0.579634558	5.195676232	4.082138063	0
eco1	50	5	0.311936244	16.95232819	0.465434844	2.797793549	1.867191276	0
eco1	50	6	3.755591445	21.80595256	0.599743663	1.46855793	1.619436942	0
eco1	50	7	7.219532077	26.71691183	0.535939605	0.534614396	0.368445201	0
eco1	50	8	7.434760096	26.99926884	0.395147898	1.542548986	0.712388539	0
eco1	50	9	4.534914808	23.95288704	1.380906238	1.260901615	1.197612676	0
eco1	50	10	-0.646265073	16.87796691	1.255530441	4.067060839	3.658758961	0
eco1	50	11	-4.297067371	8.994214441	0.977191008	10.15895351	7.288780179	0
eco1	50	12	-6.162330047	6.373785206	0.853587038	12.31106578	4.300035351	0
eco2	50	1	-7.323823775	5.381089368	0.572261601	8.461370323	7.183428716	0
eco2	50	2	-6.184621358	6.557548258	0.700379721	13.52101275	3.877923262	0
eco2	50	3	-4.455369231	9.223890479	0.635797228	12.46634165	3.457383326	0
eco2	50	4	-3.466107353	11.60692441	0.560649849	5.824271958	4.036803815	0
eco2	50	5	-0.133999596	16.547368	0.481105761	3.291479429	2.199217698	0
eco2	50	6	3.509887477	21.46838892	0.613130706	1.596936528	1.652637191	0
eco2	50	7	6.861848344	26.19092167	0.510933663	0.604946533	0.349788822	0
eco2	50	8	7.001710403	26.34712838	0.381179364	1.703814187	0.796411886	0
eco2	50	9	4.067441271	23.40678685	1.381608537	1.450726389	1.321471757	0
eco2	50	10	-1.188599642	16.3444669	1.281080759	4.164115979	3.511281108	0
eco2	50	11	-4.986714996	8.418506156	0.98944318	11.43665171	8.392513539	0
eco2	50	12	-6.809557083	5.908650721	0.82100557	13.18100456	4.779263608	0
eco3	50	1	-7.815280557	5.18217933	0.569067577	8.767234162	7.497801201	0
eco3	50	2	-6.703536505	6.29569028	0.72029137	14.40113456	4.098492755	0
eco3	50	3	-4.858512268	9.03387618	0.632809398	13.21786528	3.729924952	0
eco3	50	4	-3.862037631	11.32399654	0.545193929	6.195793157	4.125457701	0
eco3	50	5	-0.496351483	16.23020835	0.501354028	3.406968158	2.305206591	0
eco3	50	6	3.237203513	21.2237766	0.611087022	1.641546412	1.67906341	0
eco3	50	7	6.456977011	25.85474876	0.502325962	0.627438247	0.347978804	0
eco3	50	8	6.453230824	25.95961273	0.401963649	1.788415966	0.847655389	0
eco3	50	9	3.572077777	23.07235077	1.396771325	1.477048841	1.284975327	0
eco3	50	10	-1.622757508	16.04405821	1.265810292	4.296414478	3.503174126	0
eco3	50	11	-5.468440134	8.158639905	0.971422941	12.25715932	9.175498925	0
eco3	50	12	-7.360114731	5.634519045	0.791721414	13.89961152	5.000784858	0
eco4	50	1	-7.32246831	5.516002988	0.580646842	8.390129056	7.055349018	0
eco4	50	2	-6.260260099	6.608635024	0.725125781	13.40514592	3.914200805	0
eco4	50	3	-4.497204555	9.159058279	0.642435459	12.62136207	3.550067873	0
eco4	50	4	-3.493683411	11.54997062	0.554173249	5.657514958	3.998216376	0
eco4	50	5	-0.191248807	16.48702196	0.474564254	3.108405779	2.088798204	0
eco4	50	6	3.418864769	21.38329106	0.587710296	1.571000911	1.652404736	0
eco4	50	7	6.705898777	26.22185004	0.554214539	0.524932405	0.338701088	0
eco4	50	8	6.717764541	26.48308069	0.396350464	1.639949927	0.772737973	0
eco4	50	9	3.831794389	23.54278169	1.384712643	1.349227891	1.229677077	0
eco4	50	10	-1.265322724	16.46023174	1.254120758	4.269741626	3.539026702	0
eco4	50	11	-4.99690991	8.601635218	0.964613271	11.49889244	8.234352899	0
eco4	50	12	-6.847348474	6.037942777	0.827237388	13.67463805	4.845318582	0
eco5	50	1	-7.074826298	5.633652341	0.581545827	8.195169115	6.966797689	0
eco5	50	2	-5.99244567	6.69934892	0.723602962	13.18676457	3.817817141	0
eco5	50	3	-4.250703688	9.320002892	0.641232152	12.32617139	3.476322311	0
eco5	50	4	-3.285057708	11.71411719	0.561019376	5.523246401	3.910985985	0
eco5	50	5	0.013292004	16.65489529	0.480607654	3.072215662	2.069122376	0
eco5	50	6	3.622817577	21.55401942	0.606046932	1.546729175	1.587495263	0
eco5	50	7	6.929429618	26.35280184	0.539204847	0.529454022	0.325007355	0
eco5	50	8	6.990007967	26.53878633	0.399320399	1.638526522	0.797869313	0
eco5	50	9	4.122974805	23.60964961	1.377895302	1.324507589	1.233233686	0
eco5	50	10	-1.017966859	16.54489125	1.254387226	4.126995444	3.477528578	0
eco5	50	11	-4.757606657	8.662135408	0.968815016	11.3004978	8.344426922	0
eco5	50	12	-6.619532336	6.131946685	0.809938417	13.22474352	4.607568206	0
eco1	55	1	-6.398411252	4.863308204	0.605204252	20.78887469	11.1685879	0
eco1	55	2	-4.481968379	7.131052183	0.325837869	20.60747522	7.408381748	0
eco1	55	3	-4.214398967	8.703168668	0.718803687	15.11154606	5.888848217	0
eco1	55	4	-2.452235913	12.52098113	1.117159129	4.812387446	3.017903281	0
eco1	55	5	0.694550903	17.41431777	1.014888338	3.823449798	4.371607282	0
eco1	55	6	3.81589572	21.74477193	1.008561742	1.836519648	1.654272719	0
eco1	55	7	8.142064417	27.52833332	0.556288707	1.108803647	2.104817682	0
eco1	55	8	7.081204512	27.17851848	0.536841235	1.871302334	2.517058469	0
eco1	55	9	5.028441038	22.81246182	0.647957625	3.362341168	2.806752354	0
eco1	55	10	0.617605325	18.76608423	1.424925842	3.285217269	3.326882184	0
eco1	55	11	-5.400397343	7.887694789	1.12796361	10.63720364	9.026557125	0
eco1	55	12	-7.608134026	3.944027549	0.534835505	15.18527701	10.15357753	0
eco2	55	1	-7.088632057	4.445570786	0.655664234	22.02625009	11.60763289	0
eco2	55	2	-5.082707186	6.765349295	0.34743144	21.99986819	7.915506185	0
eco2	55	3	-4.875244595	8.418952261	0.736461813	16.66914965	6.320667406	0
eco2	55	4	-3.044890654	12.15606775	1.194720284	5.550146872	3.278228041	0
eco2	55	5	0.214002074	17.04632838	1.013333766	4.420276631	5.01462669	0
eco2	55	6	3.398483121	21.38410022	0.998403671	1.956502684	1.852443755	0
eco2	55	7	7.699246074	27.07105461	0.479667137	1.344954779	2.542014112	0
eco2	55	8	6.589227054	26.65786807	0.467548666	2.19172716	3.068512918	0
eco2	55	9	4.4728226	22.39996931	0.578347149	3.978459818	3.527081969	0
eco2	55	10	0.060518776	18.33486773	1.498253401	3.57740487	3.921373733	0
eco2	55	11	-6.129891024	7.369777788	1.075542236	11.58410518	9.493732932	0
eco2	55	12	-8.355463672	3.405634872	0.512452188	16.47763346	11.08420332	0
eco3	55	1	-7.570453264	4.199941307	0.663422509	22.68649876	11.63742319	0
eco3	55	2	-5.509292186	6.484009894	0.364631247	22.936477	8.47941173	0
eco3	55	3	-5.348476201	8.139965045	0.763710834	17.51916936	6.543542113	0
eco3	55	4	-3.450145611	11.8956799	1.226300737	5.853390406	3.406726586	0
eco3	55	5	-0.148480116	16.76531635	1.00117007	4.51744159	5.147552947	0
eco3	55	6	3.023207001	21.13222514	1.007535669	2.071973053	1.974436114	0
eco3	55	7	7.241433342	26.75489222	0.444709665	1.408202952	2.61610592	0
eco3	55	8	6.054845179	26.33652369	0.434891198	2.360204378	3.275393843	0
eco3	55	9	4.018451901	22.09161369	0.537307849	4.199575445	3.828376073	0
eco3	55	10	-0.458767238	18.08666563	1.519457645	3.807123926	4.211847347	0
eco3	55	11	-6.627431974	7.0771606	1.069216996	12.21546322	10.12260134	0
eco3	55	12	-8.861018675	3.16047123	0.518673743	17.40024018	11.74712371	0
eco4	55	1	-7.097529246	4.553614905	0.6415701	22.02894958	11.47977655	0
eco4	55	2	-5.140913056	6.794121803	0.354183442	22.43118851	8.333097644	0
eco4	55	3	-4.915560169	8.388748379	0.716361524	16.58077891	6.025394769	0
eco4	55	4	-3.070907662	12.11587834	1.17507705	5.254443149	3.185653869	0
eco4	55	5	0.155191576	16.95368985	1.009990844	4.3123661	4.890845635	0
eco4	55	6	3.278295773	21.34228779	1.016058255	2.019113257	1.888337283	0
eco4	55	7	7.540834905	27.11840033	0.494277413	1.137866623	2.202856685	0
eco4	55	8	6.330737594	26.77500554	0.463829995	2.047349709	2.805353494	0
eco4	55	9	4.347490716	22.49288809	0.594441526	3.741025936	3.215629114	0
eco4	55	10	-0.095408077	18.44923089	1.448285885	3.66086576	3.855081084	0
eco4	55	11	-6.135075151	7.50180407	1.103753246	11.95242764	9.869564275	0
eco4	55	12	-8.369290225	3.544989902	0.542188177	16.93880419	11.01372446	0
eco5	55	1	-6.846514537	4.673735991	0.627564358	21.47447619	11.16934687	0
eco5	55	2	-4.879348086	6.915558877	0.352113151	21.79039453	8.011571712	0
eco5	55	3	-4.68761416	8.512997594	0.732876694	16.22326751	6.031446624	0
eco5	55	4	-2.843138386	12.28155085	1.1785357	5.177731373	3.105110033	0
eco5	55	5	0.367419509	17.13647935	1.007281963	4.152970361	4.730462814	0
eco5	55	6	3.512809384	21.50984651	1.014327033	1.972503386	1.83752002	0
eco5	55	7	7.741313896	27.2192672	0.47755436	1.162559641	2.217207419	0
eco5	55	8	6.617581232	26.83831963	0.467666271	2.099279662	2.869957851	0
eco5	55	9	4.630176763	22.55838517	0.576038021	3.747856233	3.248583607	0
eco5	55	10	0.174849726	18.51031918	1.460586733	3.562894351	3.856929311	0
eco5	55	11	-5.910574544	7.596076229	1.093141928	11.46572549	9.554483695	0
eco5	55	12	-8.106042686	3.671617193	0.529093889	16.49407539	11.04610077	0
eco1	60	1	-8.834743041	3.900346113	0.657466391	7.049848942	4.165829154	0
eco1	60	2	-5.649418861	6.65541772	1.297594558	14.50988352	14.76423745	0
eco1	60	3	-4.352910895	8.582236488	1.121580081	13.29927257	8.714834401	0
eco1	60	4	-2.31972984	12.84660153	0.825324438	8.590482083	5.459004123	0
eco1	60	5	0.491281485	17.51604368	1.117666995	3.631347941	2.247999659	0
eco1	60	6	3.781858108	22.65815903	1.127613956	0.878644765	0.484437235	0
eco1	60	7	8.827430951	28.23935784	0.197031226	0.723376447	0.575969256	0
eco1	60	8	7.252007228	27.05058244	0.348330994	0.847912153	1.006593417	0
eco1	60	9	5.589765166	24.19988116	0.276071736	3.884369033	2.93271244	0
eco1	60	10	-0.855483999	15.79182104	0.49568622	4.672259713	3.120245981	0
eco1	60	11	-3.600163884	10.14594802	1.102760522	6.35103233	3.955052102	0
eco1	60	12	-7.529559319	5.253900094	0.770646485	19.40974392	14.212626	0
eco2	60	1	-9.548025898	3.392318041	0.639771999	7.522270762	4.386045577	0
eco2	60	2	-6.202794711	6.29340364	1.29238667	15.53010033	15.69619618	0
eco2	60	3	-4.945383602	8.189943733	1.124866426	14.89374242	10.24809698	0
eco2	60	4	-2.907545223	12.44474775	0.812387651	9.685416592	5.974018964	0
eco2	60	5	0.103556633	17.10250878	1.146414065	4.123994747	2.349713517	0
eco2	60	6	3.456377255	22.31911251	1.141365963	1.082920825	0.538731555	0
eco2	60	7	8.411685744	27.69515695	0.17876737	0.863240119	0.718057888	0
eco2	60	8	6.768051263	26.51483458	0.336444424	0.978364459	1.012452765	0
eco2	60	9	5.060319501	23.73718805	0.259678777	4.092615845	2.815299267	0
eco2	60	10	-1.451219131	15.20498696	0.525995176	4.934032243	3.159286104	0
eco2	60	11	-4.284262445	9.630257056	1.123018186	6.954507089	4.367797567	0
eco2	60	12	-8.231289088	4.797369929	0.837336479	20.69487377	15.03456957	0
eco3	60	1	-10.05904885	3.162028087	0.635063159	7.926962223	4.744192568	0
eco3	60	2	-6.648517435	6.010424142	1.318359351	16.27194796	16.36426002	0
eco3	60	3	-5.35821295	7.916068188	1.132331157	15.80016543	10.94857333	0
eco3	60	4	-3.333692474	12.14228302	0.804048213	10.16820807	6.138603599	0
eco3	60	5	-0.237043362	16.83669807	1.158908097	4.24627802	2.377886355	0
eco3	60	6	3.163356919	22.00599064	1.169135827	1.165529574	0.579769215	0
eco3	60	7	7.977820115	27.32494403	0.165312029	0.944132467	0.787747274	0
eco3	60	8	6.29885101	26.19027373	0.346489555	1.08785273	1.097290311	0
eco3	60	9	4.580007251	23.45287262	0.247257469	4.142641894	2.745297354	0
eco3	60	10	-1.909042316	14.88831722	0.543224567	5.202731326	3.38423812	0
eco3	60	11	-4.804680631	9.333329691	1.137429824	7.32418444	4.605519717	0
eco3	60	12	-8.785580019	4.579919563	0.880080587	21.93276393	16.23174764	0
eco4	60	1	-9.580056827	3.552791555	0.638782357	7.627197794	4.559371839	0
eco4	60	2	-6.300044027	6.287167868	1.302956747	15.71515743	15.74763629	0
eco4	60	3	-4.989526803	8.189854814	1.139349564	14.70000985	9.910991689	0
eco4	60	4	-2.949406721	12.43008467	0.8231535	9.168514443	5.742517605	0
eco4	60	5	0.024947321	17.07953705	1.134221563	3.84900673	2.283067353	0
eco4	60	6	3.30366198	22.19621969	1.118965535	1.045585108	0.537460825	0
eco4	60	7	8.21554708	27.71359241	0.185241744	0.677969456	0.522876558	0
eco4	60	8	6.522323411	26.61532131	0.347060002	0.871717779	0.922263729	0
eco4	60	9	4.866412946	23.85389531	0.259699841	4.011654903	2.771580745	0
eco4	60	10	-1.544761061	15.3231337	0.524079209	5.050893917	3.351581692	0
eco4	60	11	-4.326058518	9.775214284	1.13820213	7.188872566	4.506698951	0
eco4	60	12	-8.306812892	4.970881037	0.835184972	21.4916161	15.74899419	0
eco5	60	1	-9.280976507	3.679151419	0.62876196	7.434156293	4.423204965	0
eco5	60	2	-6.013342926	6.428552918	1.305109779	15.31246219	15.39405564	0
eco5	60	3	-4.735801864	8.313242944	1.129276189	14.39095206	9.787813024	0
eco5	60	4	-2.735259833	12.56069503	0.810274251	9.117581093	5.62466155	0
eco5	60	5	0.241297251	17.25469992	1.134097964	3.836123351	2.229868427	0
eco5	60	6	3.541529216	22.3799572	1.148668567	1.047936298	0.552441179	0
eco5	60	7	8.459427265	27.81458799	0.173528473	0.717207737	0.590154876	0
eco5	60	8	6.822217803	26.71662809	0.343833044	0.898911292	0.967128548	0
eco5	60	9	5.131177635	23.91709361	0.24682818	3.928493737	2.719742507	0
eco5	60	10	-1.274307496	15.39859058	0.520706278	4.917831099	3.231915061	0
eco5	60	11	-4.103964305	9.832822847	1.120557216	6.922123327	4.315881021	0
eco5	60	12	-8.046670886	5.069954704	0.832302067	20.92503822	15.47318717	0
eco1	65	1	-6.665001501	4.788993467	1.002633337	17.31190533	14.94607501	0
eco1	65	2	-5.07218138	7.079275291	0.757357734	16.70735632	5.633926825	0
eco1	65	3	-5.163530024	7.280553165	0.760398627	12.67184766	5.184213663	0
eco1	65	4	-2.619436771	11.34162339	0.430205521	7.85633981	2.49152369	0
eco1	65	5	-0.164052052	15.04703268	0.868058842	4.83121687	3.556321611	0
eco1	65	6	5.249758101	23.2229091	0.624512546	1.462255549	1.801512761	0
eco1	65	7	6.885196377	26.15043523	1.085339473	0.725445898	0.769405492	0
eco1	65	8	7.207711681	26.81988763	0.486706132	0.869550505	0.969213879	0
eco1	65	9	4.290426604	23.88658635	0.945597064	2.41326901	3.247259128	0
eco1	65	10	-1.48863192	15.38319408	0.676219896	3.008470303	2.281545193	0
eco1	65	11	-3.508308284	9.351672576	0.531366443	11.02532261	5.611412764	0
eco1	65	12	-8.344882265	3.764255121	0.63232023	13.21716667	9.065464745	0
eco2	65	1	-7.351850747	4.399529175	0.98166658	18.58213157	15.99179314	0
eco2	65	2	-5.676020906	6.786581169	0.760519077	17.47639826	5.955561819	0
eco2	65	3	-5.834510601	7.013152559	0.730874558	14.0810735	5.774429943	0
eco2	65	4	-3.247418341	10.96808253	0.432865497	8.892925057	2.9332226	0
eco2	65	5	-0.690917491	14.67707157	0.883212007	5.431086583	3.854320645	0
eco2	65	6	4.84757203	22.74505823	0.617973749	1.873184188	2.39916066	0
eco2	65	7	6.400153768	25.61459196	1.076398153	0.916538888	0.803030977	0
eco2	65	8	6.740675632	26.27399204	0.500584018	1.015606103	1.160538463	0
eco2	65	9	3.726196911	23.3774956	0.968241811	2.635817707	3.291339695	0
eco2	65	10	-2.098468464	14.83557737	0.692785298	3.194604905	2.342775657	0
eco2	65	11	-4.176249997	8.866169776	0.519034688	11.80594298	6.103811747	0
eco2	65	12	-9.079808792	3.162509302	0.666994257	14.46334309	9.829140537	0
eco3	65	1	-7.796894577	4.156436898	0.991813855	19.43842371	16.71963122	0
eco3	65	2	-6.134034765	6.552125254	0.774128771	17.87991486	6.194699622	0
eco3	65	3	-6.273500344	6.779087545	0.732689302	14.92179108	6.115467567	0
eco3	65	4	-3.651953451	10.70596896	0.424024025	9.353835576	3.198128389	0
eco3	65	5	-1.049504681	14.38170744	0.913590198	5.520096102	3.847961867	0
eco3	65	6	4.537675772	22.42441045	0.610756175	1.972158857	2.483128401	0
eco3	65	7	5.963150859	25.32743558	1.044908687	0.940561067	0.757678144	0
eco3	65	8	6.257538916	25.92464433	0.525603655	1.077173227	1.209948197	0
eco3	65	9	3.163030114	23.04370883	0.972927925	2.750793747	3.340632245	0
eco3	65	10	-2.574608769	14.54763058	0.725484224	3.377357194	2.430677663	0
eco3	65	11	-4.651303907	8.596979499	0.503205738	12.41459155	6.357542132	0
eco3	65	12	-9.64850932	2.846705077	0.669897705	15.34238351	10.42055036	0
eco4	65	1	-7.387230784	4.472424421	1.033907848	18.58140252	16.09484671	0
eco4	65	2	-5.756565358	6.82230417	0.760429042	17.76206497	6.013762219	0
eco4	65	3	-5.861890823	6.954523987	0.753879144	13.94878848	5.710293032	0
eco4	65	4	-3.238050876	10.93079868	0.405892557	8.607701867	2.84789028	0
eco4	65	5	-0.691493292	14.6254138	0.892550678	5.078353505	3.495355048	0
eco4	65	6	4.789324166	22.74545476	0.628541188	1.730574974	2.160723647	0
eco4	65	7	6.278565509	25.71387137	1.077103969	0.732753382	0.671931707	0
eco4	65	8	6.519600702	26.38843904	0.458749858	0.908433328	1.046791738	0
eco4	65	9	3.524462772	23.51136744	0.975494377	2.57769272	3.261047116	0
eco4	65	10	-2.188852371	14.96258945	0.72535255	3.26922611	2.382400843	0
eco4	65	11	-4.147341845	8.998049202	0.518483191	12.07503513	6.041666566	0
eco4	65	12	-9.139184931	3.32202437	0.664078798	14.66472591	9.891569122	0
eco5	65	1	-7.101982589	4.612212804	0.995064775	18.27354403	15.8077189	0
eco5	65	2	-5.490059211	6.913209287	0.768776555	17.1388328	5.834510697	0
eco5	65	3	-5.621376834	7.114122875	0.728147591	13.72803092	5.637616956	0
eco5	65	4	-3.026616102	11.09878158	0.414361909	8.363990112	2.75888669	0
eco5	65	5	-0.500710076	14.79976381	0.897070394	5.074161226	3.617588857	0
eco5	65	6	4.998445326	22.85976255	0.624796497	1.718247146	2.112220219	0
eco5	65	7	6.489102442	25.80627224	1.062151315	0.769932584	0.709679191	0
eco5	65	8	6.804153535	26.44950932	0.490660895	0.935959764	1.07804843	0
eco5	65	9	3.797678373	23.55718923	0.966431812	2.49433116	3.136184726	0
eco5	65	10	-1.937232354	15.05126858	0.709233219	3.196991379	2.347328044	0
eco5	65	11	-3.946133086	9.089042488	0.522579297	11.76221796	5.865372611	0
eco5	65	12	-8.878765358	3.418805028	0.639647809	14.32179742	9.759307414	0
eco1	70	1	-6.700442364	4.75288474	0.706405016	10.57064243	6.848213648	0
eco1	70	2	-6.078405845	5.449418108	0.361308235	22.24686047	14.79862889	0
eco1	70	3	-5.175273538	7.674603704	0.660773414	10.05789135	5.355612158	0
eco1	70	4	-3.473131537	10.52331933	0.601327035	7.393109213	3.074283765	0
eco1	70	5	0.670544722	18.49425669	0.647886273	1.387246274	1.095169017	0
eco1	70	6	5.800585235	24.36959453	0.541151128	0.636139554	0.65563651	0
eco1	70	7	7.756982522	27.38695339	0.41101402	0.46057796	0.533567798	0
eco1	70	8	7.510202607	27.70724735	0.577145294	0.886468576	0.732986444	0
eco1	70	9	5.408377512	24.16941441	0.779708685	4.181310249	3.635339122	0
eco1	70	10	-0.853577678	15.66824441	0.52642259	2.966333738	1.544836746	0
eco1	70	11	-3.722369433	10.16392111	0.975354343	10.23178649	7.52672048	0
eco1	70	12	-5.664559684	6.613993827	1.0364525	13.10969925	6.549216255	0
eco2	70	1	-7.42487306	4.246648932	0.682609792	11.61467115	7.227182175	0
eco2	70	2	-6.724641088	5.004864455	0.416806898	23.75787452	15.51745386	0
eco2	70	3	-5.847898834	7.374397702	0.666980203	11.15628924	5.319035531	0
eco2	70	4	-4.122197627	10.22699005	0.630279387	8.276148085	3.71569253	0
eco2	70	5	0.301071804	18.04686475	0.69226309	1.767093539	1.386749372	0
eco2	70	6	5.474386247	23.9264708	0.518829674	0.77118005	0.640111778	0
eco2	70	7	7.397198454	26.89077457	0.402298189	0.586999904	0.623922748	0
eco2	70	8	7.02730734	27.17208395	0.602603252	0.962047701	0.708183776	0
eco2	70	9	4.816223287	23.74916816	0.772371954	4.751278905	3.824717228	0
eco2	70	10	-1.426137658	15.19925109	0.517024924	3.263000461	1.726161518	0
eco2	70	11	-4.352241542	9.615081058	1.019008131	11.15897443	8.21466055	0
eco2	70	12	-6.340557673	6.257349817	1.04209615	13.59664838	7.043875633	0
eco3	70	1	-7.902124517	3.969718502	0.667624378	12.28210076	7.561930954	0
eco3	70	2	-7.201259515	4.736035429	0.448668145	24.58191299	15.91284696	0
eco3	70	3	-6.300945023	7.109123239	0.676862978	11.727566	5.181661506	0
eco3	70	4	-4.519319425	9.988724588	0.640847533	8.655447682	3.980662197	0
eco3	70	5	-0.035499707	17.73251013	0.693465141	1.906158379	1.45125188	0
eco3	70	6	5.125823998	23.61126722	0.507184852	0.802535693	0.612372099	0
eco3	70	7	6.972715491	26.58161743	0.411320162	0.619334236	0.64779548	0
eco3	70	8	6.480564713	26.83949368	0.614660476	1.001816801	0.728438714	0
eco3	70	9	4.267986151	23.47476441	0.77003825	4.939367568	3.870578627	0
eco3	70	10	-1.854168707	14.92061965	0.509332551	3.439062452	1.87054581	0
eco3	70	11	-4.810682817	9.30439101	1.026541454	11.67863586	8.630705649	0
eco3	70	12	-6.861245403	6.036408327	1.007251915	14.43259193	7.693431213	0
eco4	70	1	-7.418720166	4.394568722	0.698657958	11.6095411	7.285848124	0
eco4	70	2	-6.77602847	5.066305913	0.414729785	23.89239111	15.49676563	0
eco4	70	3	-5.886770876	7.328328865	0.646523745	11.05791523	5.277053565	0
eco4	70	4	-4.112269201	10.18200242	0.625287541	7.95946314	3.470971028	0
eco4	70	5	0.20468872	18.02062546	0.669559603	1.650356901	1.291000807	0
eco4	70	6	5.345701509	23.94153272	0.530930075	0.701883028	0.606929019	0
eco4	70	7	7.232881656	26.96389117	0.396995285	0.455871791	0.491084585	0
eco4	70	8	6.788117629	27.26720389	0.586275686	0.912253008	0.717533123	0
eco4	70	9	4.608208037	23.87030497	0.804568529	4.615349536	3.839779382	0
eco4	70	10	-1.500104246	15.30662622	0.513883008	3.339829364	1.784396346	0
eco4	70	11	-4.405312878	9.763654244	1.003468025	11.37280651	8.359134619	0
eco4	70	12	-6.384579054	6.376777924	1.025768227	14.32496996	7.180285924	0
eco5	70	1	-7.158771208	4.49958633	0.685559353	11.40326025	7.132663494	0
eco5	70	2	-6.533189115	5.177205564	0.417231767	23.178652	15.04219084	0
eco5	70	3	-5.643357382	7.4697314	0.653056416	10.76569055	4.965047183	0
eco5	70	4	-3.906388702	10.35140537	0.628377897	7.773893568	3.449068305	0
eco5	70	5	0.436717322	18.18289952	0.662091558	1.63712042	1.278452719	0
eco5	70	6	5.558717107	24.05099327	0.527553417	0.719169758	0.628374725	0
eco5	70	7	7.449492904	27.04837699	0.409521215	0.470268184	0.51844484	0
eco5	70	8	7.067875678	27.34595227	0.602266313	0.903155033	0.723969604	0
eco5	70	9	4.891641009	23.9241187	0.78512456	4.494259197	3.686235082	0
eco5	70	10	-1.246798498	15.39010618	0.509788786	3.223979413	1.73335432	0
eco5	70	11	-4.145230113	9.844757842	0.992399334	10.98545536	8.059389144	0
eco5	70	12	-6.149582482	6.485179513	1.0198958	13.8999418	7.109037446	0
eco1	75	1	-6.665593038	5.036963823	1.791133522	15.97574844	14.67821944	0
eco1	75	2	-6.296334193	5.746919554	1.510635931	8.915027852	2.634741654	0
eco1	75	3	-4.195771645	8.702954472	0.556631068	11.26147571	4.412914422	0
eco1	75	4	-1.802366671	13.24057231	0.383230029	6.082651135	4.912103751	0
eco1	75	5	0.400151013	17.16710425	0.9470463	3.072365771	0.846164142	0
eco1	75	6	6.207974637	24.42281016	0.395907461	1.964290661	2.735047136	0
eco1	75	7	8.680317666	28.16684762	0.424793502	0.349722892	0.159391534	0
eco1	75	8	7.926818762	27.23637309	0.290077349	0.952935953	0.397952894	0
eco1	75	9	4.894520389	23.91627494	1.061941054	2.702202572	3.296776585	0
eco1	75	10	-1.009347091	15.03361812	0.9424569	7.154130719	3.891819709	0
eco1	75	11	-3.984112397	8.762154913	0.842842642	13.42372021	10.77406599	0
eco1	75	12	-6.708699841	6.066387336	1.027089115	9.182726997	10.28925862	0
eco2	75	1	-7.328473712	4.630012192	1.785517495	17.02007579	15.64627031	0
eco2	75	2	-6.957094897	5.413247411	1.576959062	9.826382953	2.871080123	0
eco2	75	3	-4.842925967	8.464512434	0.581872914	12.22466508	4.545534292	0
eco2	75	4	-2.404310305	12.88845912	0.366746198	7.054203979	5.793290298	0
eco2	75	5	-0.099856003	16.76277134	0.956782589	3.685670264	1.028926161	0
eco2	75	6	5.884530654	23.97459351	0.477165745	2.220579224	2.873618196	0
eco2	75	7	8.269617366	27.76107847	0.3999487	0.492029221	0.264579278	0
eco2	75	8	7.441347897	26.71857414	0.320178828	0.944439769	0.397056147	0
eco2	75	9	4.365710238	23.4486362	1.046335423	3.218493063	3.865207491	0
eco2	75	10	-1.584083062	14.4862477	0.927228371	7.711804474	4.126851613	0
eco2	75	11	-4.68844717	8.267411245	0.820443617	14.42708053	12.00404826	0
eco2	75	12	-7.377363938	5.640103018	1.057209218	9.959600587	10.98170678	0
eco3	75	1	-7.805952323	4.369623199	1.807687441	17.56545537	16.4776021	0
eco3	75	2	-7.36541822	5.213388817	1.588747933	10.34225333	2.922753381	0
eco3	75	3	-5.272724499	8.216464142	0.612345374	12.80916313	4.747213415	0
eco3	75	4	-2.78623114	12.62793634	0.354447465	7.471948627	6.197511121	0
eco3	75	5	-0.50590835	16.48987721	0.964721572	3.842044358	1.03144812	0
eco3	75	6	5.580434886	23.66365969	0.530783026	2.355863406	2.996176093	0
eco3	75	7	7.835778274	27.48041882	0.355942471	0.512257615	0.266246865	0
eco3	75	8	6.978883857	26.36975189	0.371101449	1.003441454	0.435892435	0
eco3	75	9	3.843252269	23.14642276	1.016455291	3.452202609	4.10141102	0
eco3	75	10	-1.990819829	14.20845658	0.962815958	8.137326226	4.324371894	0
eco3	75	11	-5.197721762	7.995304411	0.835161583	15.01608163	12.65636883	0
eco3	75	12	-7.912760724	5.426469061	1.070721826	10.65710518	11.81267449	0
eco4	75	1	-7.385163412	4.719649424	1.806755592	17.07306566	15.70084747	0
eco4	75	2	-6.971995366	5.500346707	1.552663248	9.861641957	2.680241479	0
eco4	75	3	-4.841636816	8.403402549	0.572003747	12.16540754	4.651886021	0
eco4	75	4	-2.438862099	12.87167177	0.360908812	6.658805491	5.38318782	0
eco4	75	5	-0.166635896	16.74383609	0.943223187	3.396457694	0.884122251	0
eco4	75	6	5.749164588	23.93002446	0.485555434	2.159663982	2.855948163	0
eco4	75	7	8.062747557	27.79077114	0.410563453	0.394851936	0.21230854	0
eco4	75	8	7.224688971	26.79163859	0.338224301	0.899153034	0.380903276	0
eco4	75	9	4.164921329	23.59390623	1.047512801	3.075109848	3.603950867	0
eco4	75	10	-1.637473056	14.60201781	0.962299061	7.809159984	4.204877285	0
eco4	75	11	-4.698375054	8.403617104	0.828547718	14.79255809	12.31146196	0
eco4	75	12	-7.431646893	5.782331033	1.057083961	10.35376909	11.28215754	0
eco5	75	1	-7.104971356	4.862018202	1.782096831	16.49441649	15.3601232	0
eco5	75	2	-6.692992345	5.594720294	1.558556248	9.652720174	2.774734239	0
eco5	75	3	-4.62184018	8.561664325	0.579289788	11.84823175	4.473726175	0
eco5	75	4	-2.218567897	13.00731075	0.360522399	6.596651428	5.382591631	0
eco5	75	5	0.036030249	16.89468761	0.943680293	3.392436893	0.890534263	0
eco5	75	6	5.993350896	24.08227706	0.479512675	2.150448001	2.835515097	0
eco5	75	7	8.301732171	27.90779309	0.385424904	0.401627252	0.216314082	0
eco5	75	8	7.519263025	26.88948607	0.355827225	0.911918521	0.376863427	0
eco5	75	9	4.446200417	23.64469119	1.032033147	3.069362291	3.66298604	0
eco5	75	10	-1.402933576	14.69599625	0.964652267	7.583296783	4.026468986	0
eco5	75	11	-4.478518067	8.494983993	0.824719336	14.22793724	11.95237566	0
eco5	75	12	-7.174682064	5.893859402	1.052294512	10.09366618	11.12575375	0
eco1	80	1	-7.568030599	4.378967161	1.388296296	12.7845678	6.37854891	0
eco1	80	2	-5.093574938	5.834378322	1.410360076	20.83300507	8.180396909	0
eco1	80	3	-4.827629662	8.109569406	1.240225956	9.171861158	4.21375031	0
eco1	80	4	-2.802587762	12.24089101	0.462883725	5.770200502	5.499233161	0
eco1	80	5	0.433953164	16.02605745	0.841271939	5.526296198	2.920582448	0
eco1	80	6	4.313990658	22.70934217	0.854801385	1.186799962	1.163909641	0
eco1	80	7	8.846230014	28.73088487	0.596210365	0.685596905	0.621526768	0
eco1	80	8	7.720460978	27.60820799	0.484375525	0.638037355	0.298200492	0
eco1	80	9	5.073897221	23.47330357	0.788485933	4.658814473	4.555066763	0
eco1	80	10	1.001057618	17.13331423	0.714538718	9.388394858	11.31113127	0
eco1	80	11	-4.407917345	9.146668863	0.967917746	10.17741677	5.482427403	0
eco1	80	12	-8.503615226	3.78535272	0.967388299	13.86078296	9.860295762	0
eco2	80	1	-8.225541164	3.903429291	1.361923384	13.90026981	6.647982365	0
eco2	80	2	-5.7109581	5.47135552	1.43085071	22.64439755	8.679733096	0
eco2	80	3	-5.491614693	7.817998044	1.290413738	10.22919277	4.753854159	0
eco2	80	4	-3.358403493	11.93478379	0.476302935	6.65321928	6.216439313	0
eco2	80	5	-0.067874467	15.69865	0.871988677	6.204276114	3.158152904	0
eco2	80	6	3.965838751	22.3092405	0.854707074	1.314119732	1.239934666	0
eco2	80	7	8.517294527	28.17526533	0.577294679	0.793515156	0.666484458	0
eco2	80	8	7.233911348	27.09469081	0.500714897	0.766707052	0.380953871	0
eco2	80	9	4.60342032	22.9309776	0.784300541	5.421555097	5.244113218	0
eco2	80	10	0.395711208	16.65676102	0.734771116	10.12751958	11.9206972	0
eco2	80	11	-5.111392422	8.586200061	0.950181557	11.30241578	5.983718735	0
eco2	80	12	-9.236600914	3.236909259	0.946743641	14.79328679	10.81337707	0
eco3	80	1	-8.665139503	3.641804384	1.353173881	14.47107579	6.848461344	0
eco3	80	2	-6.119653771	5.228087782	1.445418849	23.8482729	9.368511341	0
eco3	80	3	-5.962496998	7.573763793	1.293465742	10.96811378	5.149935357	0
eco3	80	4	-3.737030869	11.71049299	0.487681491	7.0462336	6.554740243	0
eco3	80	5	-0.4117795	15.41234411	0.862260583	6.319143656	3.223566413	0
eco3	80	6	3.645109832	22.02141603	0.851656484	1.39497639	1.291862413	0
eco3	80	7	8.14965395	27.82170973	0.590231961	0.833585689	0.679171378	0
eco3	80	8	6.707652658	26.7893366	0.504693868	0.83795151	0.398359693	0
eco3	80	9	4.154010985	22.60434805	0.805585442	5.748278508	5.617149928	0
eco3	80	10	-0.081421214	16.39736329	0.761736533	10.66163297	12.39576637	0
eco3	80	11	-5.610527542	8.29796974	0.93251539	11.99495522	6.282239232	0
eco3	80	12	-9.802310601	2.971338597	0.953984262	15.57654364	11.61051418	0
eco4	80	1	-8.260680175	4.050978199	1.366503152	13.81621934	6.69224419	0
eco4	80	2	-5.724540389	5.518956842	1.43147833	23.01851136	9.11600991	0
eco4	80	3	-5.556345847	7.77034562	1.288778853	10.24329293	4.751406856	0
eco4	80	4	-3.384760807	11.89701612	0.483447914	6.372203165	5.989543748	0
eco4	80	5	-0.097074188	15.63171542	0.842398602	5.982309716	3.084463346	0
eco4	80	6	3.846020772	22.28690254	0.855648251	1.311661429	1.230846665	0
eco4	80	7	8.376635443	28.24345553	0.59620032	0.65097394	0.548157992	0
eco4	80	8	6.985881209	27.24511099	0.473135832	0.677193211	0.326527258	0
eco4	80	9	4.459945821	23.06219589	0.806464495	5.022462164	4.876338976	0
eco4	80	10	0.335508067	16.80036963	0.718832703	10.15739777	12.10151339	0
eco4	80	11	-5.141426071	8.729202202	0.941452938	11.4251527	5.971671757	0
eco4	80	12	-9.320407567	3.39285804	0.961229653	15.23206581	10.88089938	0
eco5	80	1	-7.960978859	4.152059857	1.363485682	13.52169609	6.52349618	0
eco5	80	2	-5.48239584	5.623363385	1.431667149	22.29165053	8.702903235	0
eco5	80	3	-5.306894408	7.935634375	1.275479043	10.0300391	4.642654408	0
eco5	80	4	-3.172091885	12.0617753	0.480897095	6.263974367	5.885396908	0
eco5	80	5	0.109636886	15.8076989	0.841392964	5.830060753	2.956782988	0
eco5	80	6	4.080401058	22.41055798	0.852152454	1.292341145	1.225825563	0
eco5	80	7	8.587919707	28.31334568	0.611459673	0.667128929	0.573145643	0
eco5	80	8	7.275840332	27.29396624	0.494898119	0.70336914	0.323931348	0
eco5	80	9	4.70992456	23.12724583	0.811723371	5.108579893	5.01839686	0
eco5	80	10	0.555392004	16.87886156	0.727981912	9.991456131	11.81684322	0
eco5	80	11	-4.895534003	8.824801163	0.938775856	11.13938354	5.877232419	0
eco5	80	12	-9.04349023	3.515446345	0.966570555	14.76766144	10.74578687	0
eco1	85	1	-6.855901123	5.588966542	0.803631706	11.73266676	9.448678299	0
eco1	85	2	-4.661413647	7.238530003	1.184046207	13.79237211	7.469431009	0
eco1	85	3	-5.041420887	8.18425708	0.827661493	7.752337727	4.461396021	0
eco1	85	4	-2.039298378	13.10758992	0.449614158	4.416212995	3.142587806	0
eco1	85	5	-0.014281357	16.07540146	0.966735908	3.503577763	1.731708814	0
eco1	85	6	4.838798787	22.49006091	0.957520524	2.759499528	1.879788326	0
eco1	85	7	8.508887229	27.57136321	0.42980754	0.421183983	0.323925023	0
eco1	85	8	8.628484429	28.50881599	0.435032588	2.034628382	3.094477621	0
eco1	85	9	4.324669181	22.66241652	0.756936164	1.27421572	0.552359734	0
eco1	85	10	0.219092667	16.69730044	0.699848918	6.329824699	4.137165344	0
eco1	85	11	-3.967010121	9.645333794	0.584679364	6.431456142	5.545335032	0
eco1	85	12	-7.030656964	5.020489412	1.259578098	13.98162715	13.04329466	0
eco2	85	1	-7.485209596	5.209401885	0.79337575	12.17165277	9.835040504	0
eco2	85	2	-5.217030203	6.945540158	1.237303305	14.75724954	7.791632368	0
eco2	85	3	-5.700322752	7.942968685	0.848066914	8.757303274	4.813143229	0
eco2	85	4	-2.583808064	12.76449049	0.478544183	5.001118847	3.695401737	0
eco2	85	5	-0.517994193	15.7007557	0.974291374	4.09729772	2.058306204	0
eco2	85	6	4.470602667	22.02534137	0.942821401	2.928797818	1.834541435	0
eco2	85	7	8.01797737	27.12692948	0.388250219	0.499821653	0.428112315	0
eco2	85	8	8.02628214	27.92945579	0.400601713	2.255869574	3.134534741	0
eco2	85	9	3.749713407	22.17042165	0.742655145	1.55767512	0.625104572	0
eco2	85	10	-0.371646796	16.1392095	0.737601019	6.669677324	4.065086736	0
eco2	85	11	-4.666665077	9.122996531	0.634772421	7.238087685	6.173887895	0
eco2	85	12	-7.71209942	4.572427813	1.299411621	15.06345441	14.45289759	0
eco3	85	1	-7.933148542	5.005075894	0.794357543	12.52296801	10.14302168	0
eco3	85	2	-5.607811609	6.718589761	1.293365774	15.40008725	8.100480757	0
eco3	85	3	-6.15774946	7.72006327	0.828930541	9.27829688	5.054904986	0
eco3	85	4	-2.958869782	12.51057543	0.479907073	5.251027347	4.002157265	0
eco3	85	5	-0.886486511	15.44447567	0.958804438	4.383151176	2.212252202	0
eco3	85	6	4.129838164	21.69708199	0.932293531	2.977364563	1.798257988	0
eco3	85	7	7.586468334	26.81963715	0.372803023	0.511694769	0.485077569	0
eco3	85	8	7.454783191	27.57772724	0.422474639	2.394328155	3.264768516	0
eco3	85	9	3.285289679	21.8677119	0.733085468	1.653420025	0.624507707	0
eco3	85	10	-0.866176422	15.86506757	0.781189128	7.029778594	4.093043137	0
eco3	85	11	-5.192032557	8.834436147	0.652712434	7.679767208	6.493604028	0
eco3	85	12	-8.229762071	4.316485503	1.271769015	16.01543845	15.74839917	0
eco4	85	1	-7.539694089	5.306547233	0.778528145	12.31373012	9.879923634	0
eco4	85	2	-5.257995344	6.997342615	1.246048628	15.01206964	8.01234638	0
eco4	85	3	-5.74294229	7.90243452	0.819391054	8.74520776	4.777907779	0
eco4	85	4	-2.638693491	12.75164551	0.475144291	4.733125273	3.434211461	0
eco4	85	5	-0.57358261	15.65905688	0.969629036	4.008102765	2.011634857	0
eco4	85	6	4.398253652	21.97564716	0.941376791	2.873760622	1.866325333	0
eco4	85	7	7.872930638	27.15624383	0.408764778	0.408468001	0.347737573	0
eco4	85	8	7.763515451	28.09217531	0.4184951	2.104440397	3.102659351	0
eco4	85	9	3.602438625	22.30247992	0.735951841	1.480098513	0.566983326	0
eco4	85	10	-0.480838862	16.3156534	0.743898878	6.857170043	4.19537595	0
eco4	85	11	-4.70256969	9.284972661	0.617666993	7.265450633	5.991056305	0
eco4	85	12	-7.76272822	4.715018368	1.265348866	15.68537725	14.86451403	0
eco5	85	1	-7.249545456	5.453468824	0.768750289	11.92148723	9.612948943	0
eco5	85	2	-5.003852951	7.084941859	1.236621907	14.4899835	7.697908847	0
eco5	85	3	-5.492713564	8.052803483	0.814779758	8.502129266	4.700979703	0
eco5	85	4	-2.397916203	12.88822413	0.478080557	4.640790658	3.393088407	0
eco5	85	5	-0.352670629	15.83244575	0.963010732	3.885941719	1.948404152	0
eco5	85	6	4.602626691	22.12561385	0.935436477	2.844231742	1.807110834	0
eco5	85	7	8.104567722	27.27766453	0.40326748	0.423706826	0.387032442	0
eco5	85	8	8.064753772	28.12682739	0.424767188	2.130474104	3.058511716	0
eco5	85	9	3.881553487	22.36269726	0.735647526	1.424141959	0.556926668	0
eco5	85	10	-0.225860949	16.36440544	0.75318661	6.628835776	3.969832842	0
eco5	85	11	-4.483214639	9.356597797	0.621041518	7.019602341	5.889843682	0
eco5	85	12	-7.493513958	4.82148444	1.255180506	15.16244693	14.53982704	0
